<!DOCTYPE html>
<html>
<head>
<meta charset="utf-8"/>
<script src="urAbs_files/htmlwidgets-0.9/htmlwidgets.js"></script>
<script src="urAbs_files/plotly-binding-4.7.1/plotly.js"></script>
<script src="urAbs_files/typedarray-0.1/typedarray.min.js"></script>
<script src="urAbs_files/jquery-1.11.3/jquery.min.js"></script>
<link href="urAbs_files/crosstalk-1.0.0/css/crosstalk.css" rel="stylesheet" />
<script src="urAbs_files/crosstalk-1.0.0/js/crosstalk.min.js"></script>
<link href="urAbs_files/plotlyjs-1.29.2/plotly-htmlwidgets.css" rel="stylesheet" />
<script src="urAbs_files/plotlyjs-1.29.2/plotly-latest.min.js"></script>

</head>
<body style="background-color:white;">
<div id="htmlwidget_container">
  <div id="1154c3d3767" style="width:100%;height:400px;" class="plotly html-widget"></div>
</div>
<script type="application/json" data-for="1154c3d3767">{"x":{"visdat":{"11544cea1cd7":["function () ","plotlyVisDat"]},"cur_data":"11544cea1cd7","attrs":{"11544cea1cd7":{"x":[-6,-5.51724137931035,-5.03448275862069,-4.55172413793103,-4.06896551724138,-3.58620689655172,-3.10344827586207,-2.62068965517241,-2.13793103448276,-1.6551724137931,-1.17241379310345,-0.689655172413793,-0.206896551724138,0.275862068965518,0.758620689655173,1.24137931034483,1.72413793103448,2.20689655172414,2.68965517241379,3.17241379310345,3.6551724137931,4.13793103448276,4.62068965517241,5.10344827586207,5.58620689655172,6.06896551724138,6.55172413793104,7.03448275862069,7.51724137931035,8],"y":[-6,-5.51724137931035,-5.03448275862069,-4.55172413793103,-4.06896551724138,-3.58620689655172,-3.10344827586207,-2.62068965517241,-2.13793103448276,-1.6551724137931,-1.17241379310345,-0.689655172413793,-0.206896551724138,0.275862068965518,0.758620689655173,1.24137931034483,1.72413793103448,2.20689655172414,2.68965517241379,3.17241379310345,3.6551724137931,4.13793103448276,4.62068965517241,5.10344827586207,5.58620689655172,6.06896551724138,6.55172413793104,7.03448275862069,7.51724137931035,8],"z":{},"contours":{"z":{"show":true,"usecolormap":true,"highlightcolor":"#ff0000","project":{"z":true}}},"alpha":1,"sizes":[10,100],"type":"surface"}},"layout":{"margin":{"b":40,"l":60,"t":25,"r":10},"scene":{"camera":{"eye":{"x":1.87,"y":0.88,"z":-0.64}},"zaxis":{"title":"urAbs"}},"xaxis":{"domain":[0,1]},"yaxis":{"domain":[0,1]},"hovermode":"closest","showlegend":false,"legend":{"y":0.5,"yanchor":"top"}},"source":"A","config":{"modeBarButtonsToAdd":[{"name":"Collaborate","icon":{"width":1000,"ascent":500,"descent":-50,"path":"M487 375c7-10 9-23 5-36l-79-259c-3-12-11-23-22-31-11-8-22-12-35-12l-263 0c-15 0-29 5-43 15-13 10-23 23-28 37-5 13-5 25-1 37 0 0 0 3 1 7 1 5 1 8 1 11 0 2 0 4-1 6 0 3-1 5-1 6 1 2 2 4 3 6 1 2 2 4 4 6 2 3 4 5 5 7 5 7 9 16 13 26 4 10 7 19 9 26 0 2 0 5 0 9-1 4-1 6 0 8 0 2 2 5 4 8 3 3 5 5 5 7 4 6 8 15 12 26 4 11 7 19 7 26 1 1 0 4 0 9-1 4-1 7 0 8 1 2 3 5 6 8 4 4 6 6 6 7 4 5 8 13 13 24 4 11 7 20 7 28 1 1 0 4 0 7-1 3-1 6-1 7 0 2 1 4 3 6 1 1 3 4 5 6 2 3 3 5 5 6 1 2 3 5 4 9 2 3 3 7 5 10 1 3 2 6 4 10 2 4 4 7 6 9 2 3 4 5 7 7 3 2 7 3 11 3 3 0 8 0 13-1l0-1c7 2 12 2 14 2l218 0c14 0 25-5 32-16 8-10 10-23 6-37l-79-259c-7-22-13-37-20-43-7-7-19-10-37-10l-248 0c-5 0-9-2-11-5-2-3-2-7 0-12 4-13 18-20 41-20l264 0c5 0 10 2 16 5 5 3 8 6 10 11l85 282c2 5 2 10 2 17 7-3 13-7 17-13z m-304 0c-1-3-1-5 0-7 1-1 3-2 6-2l174 0c2 0 4 1 7 2 2 2 4 4 5 7l6 18c0 3 0 5-1 7-1 1-3 2-6 2l-173 0c-3 0-5-1-8-2-2-2-4-4-4-7z m-24-73c-1-3-1-5 0-7 2-2 3-2 6-2l174 0c2 0 5 0 7 2 3 2 4 4 5 7l6 18c1 2 0 5-1 6-1 2-3 3-5 3l-174 0c-3 0-5-1-7-3-3-1-4-4-5-6z"},"click":"function(gd) { \n        // is this being viewed in RStudio?\n        if (location.search == '?viewer_pane=1') {\n          alert('To learn about plotly for collaboration, visit:\\n https://cpsievert.github.io/plotly_book/plot-ly-for-collaboration.html');\n        } else {\n          window.open('https://cpsievert.github.io/plotly_book/plot-ly-for-collaboration.html', '_blank');\n        }\n      }"}],"cloud":false},"data":[{"colorbar":{"title":"urAbs","ticklen":2,"len":0.5,"y":1,"lenmode":"fraction","yanchor":"top"},"colorscale":[["0","rgba(68,1,84,1)"],["0.309673719694729","rgba(53,98,141,1)"],["0.368505230641503","rgba(47,112,142,1)"],["0.391424889533155","rgba(45,118,142,1)"],["0.411371093116668","rgba(43,122,142,1)"],["0.443478250032369","rgba(38,130,142,1)"],["0.464318401139802","rgba(38,135,141,1)"],["0.485532756622914","rgba(37,140,140,1)"],["0.506014625328991","rgba(36,145,139,1)"],["0.522596863955363","rgba(35,150,139,1)"],["0.543398773130023","rgba(33,155,138,1)"],["0.559745151497593","rgba(32,159,136,1)"],["0.57998543852047","rgba(38,163,134,1)"],["0.591853630536264","rgba(41,166,132,1)"],["0.607661492734034","rgba(44,170,130,1)"],["0.623285972066724","rgba(47,173,128,1)"],["0.636119103720509","rgba(49,176,126,1)"],["0.65593086347615","rgba(52,181,123,1)"],["0.672359786580322","rgba(57,184,120,1)"],["0.689921681407015","rgba(69,188,115,1)"],["0.712389268322642","rgba(81,192,109,1)"],["0.736420673103713","rgba(92,197,102,1)"],["0.765225860004566","rgba(104,202,93,1)"],["0.808287178296279","rgba(131,210,79,1)"],["1","rgba(253,231,37,1)"]],"showscale":true,"x":[-6,-5.51724137931035,-5.03448275862069,-4.55172413793103,-4.06896551724138,-3.58620689655172,-3.10344827586207,-2.62068965517241,-2.13793103448276,-1.6551724137931,-1.17241379310345,-0.689655172413793,-0.206896551724138,0.275862068965518,0.758620689655173,1.24137931034483,1.72413793103448,2.20689655172414,2.68965517241379,3.17241379310345,3.6551724137931,4.13793103448276,4.62068965517241,5.10344827586207,5.58620689655172,6.06896551724138,6.55172413793104,7.03448275862069,7.51724137931035,8],"y":[-6,-5.51724137931035,-5.03448275862069,-4.55172413793103,-4.06896551724138,-3.58620689655172,-3.10344827586207,-2.62068965517241,-2.13793103448276,-1.6551724137931,-1.17241379310345,-0.689655172413793,-0.206896551724138,0.275862068965518,0.758620689655173,1.24137931034483,1.72413793103448,2.20689655172414,2.68965517241379,3.17241379310345,3.6551724137931,4.13793103448276,4.62068965517241,5.10344827586207,5.58620689655172,6.06896551724138,6.55172413793104,7.03448275862069,7.51724137931035,8],"z":[[0.0327294371263149,0.0317255017930104,0.0310679193348731,0.0307862752936678,0.0308902721714965,0.0313682274721441,0.0321845507568385,0.0332783829870291,0.0345681500944992,0.0359556761260187,0.0373338370172699,0.0385926691463249,0.0396293631676813,0.0403559549142581,0.0407083298910288,0.0406528953172522,0.0401904633432808,0.0393562453851975,0.0382159753994383,0.0368592861158005,0.0353908069383393,0.0339225635434462,0.032564050369764,0.0314159676781106,0.0305622080614468,0.0300651114017939,0.0299603406335254,0.0302579139873835,0.0309449895259193,0.0319924390568546],[0.0317255017930104,0.0305051326384679,0.0296261661925913,0.0291305713874295,0.0290483647839449,0.0293880733200006,0.0301286590269837,0.0312166827025928,0.0325677040754971,0.0340717169079788,0.0356024582702587,0.0370263703776959,0.0382143952477726,0.0390540627375194,0.0394620881214607,0.0393951016038472,0.0388542377769618,0.0378851242697901,0.0365732887391968,0.0350335120136329,0.0333974040015989,0.0318014895629206,0.0303754474786878,0.0292329293038992,0.0284607687293241,0.0281139007328277,0.0282117585322401,0.0287418947151392,0.0296688467783199,0.0309449895259193],[0.0310679193348731,0.0296261661925913,0.0284995847317356,0.0277463740820095,0.0274203802140943,0.0275578298663224,0.0281629246690661,0.0291982791981675,0.0305831856353056,0.0321977940240453,0.0338934904239051,0.0355073539731618,0.0368756889029978,0.0378530545689394,0.0383299299343022,0.0382475333325421,0.0376075038888753,0.0364718616199546,0.0349533236186478,0.0332006391254264,0.031381221566672,0.0296624376328958,0.0281980766975335,0.0271124304434076,0.0264892952436769,0.0263654791476044,0.0267319289484933,0.0275447890629888,0.0287418947151392,0.0302579139873835],[0.0307862752936678,0.0291305713874295,0.0277463740820095,0.0267033923923033,0.0260785507342128,0.0259411359440118,0.0263325888728264,0.0272468793008046,0.0286177387962738,0.0303221821603832,0.0321894983733556,0.0340192556584229,0.0356031382722777,0.0367496501784931,0.0373111110354904,0.0372076399211845,0.0364416833729869,0.0350979340293939,0.0333287815079277,0.0313305113446697,0.0293175324475303,0.027496965330245,0.0260467078123665,0.0250963018787049,0.0247131111809269,0.0248977814904379,0.0255980181262906,0.0267319289484933,0.0282117585322401,0.0299603406335254],[0.0308902721714965,0.0290483647839449,0.0274203802140943,0.0260785507342128,0.0251148667684281,0.024630740440345,0.024714529508231,0.0254100967102198,0.026688464398212,0.0284369536157053,0.0304672118527597,0.0325365524297008,0.0343768583654769,0.0357322083292864,0.0363992555488933,0.036266132333236,0.0353366338658524,0.0337300484460284,0.0316569435246458,0.029380936509974,0.0271795785240234,0.0253063151371924,0.0239610822328524,0.0232619373745295,0.0232327143587533,0.0238137582973463,0.0248977814904379,0.0263654791476044,0.0281139007328277,0.0300651114017939],[0.0313682274721441,0.0293880733200006,0.0275578298663224,0.0259411359440118,0.024630740440345,0.0237469511008838,0.0234258991246106,0.0237766859599221,0.0248396307233059,0.0265444464718491,0.0287010346928889,0.0310233886409691,0.0331663310064585,0.0347818162580953,0.0355823341758019,0.035406091018841,0.0342592365020054,0.032315511835127,0.0298740440478719,0.0272957393693979,0.0249419340751552,0.0231174825558926,0.0220263927408782,0.0217366828472935,0.0221862815520422,0.0232327143587533,0.0247131111809269,0.0264892952436769,0.0284607687293241,0.0305622080614468],[0.0321845507568385,0.0301286590269837,0.0281630106631096,0.0263325888728264,0.024714529508231,0.0234258991246106,0.022624988647811,0.0224927476123755,0.0231683175292674,0.0246772193784198,0.0268721525364515,0.0294366236533123,0.0319311664229039,0.0338748684008787,0.0348470764457394,0.0346056106259659,0.0331609590036955,0.030775578727019,0.0278899788349587,0.0250085330494286,0.0226010507502668,0.0210139009525418,0.0204010769600164,0.0207071806610392,0.0217366828472935,0.0232619373745295,0.0250963018787049,0.0271124304434077,0.0292329293038992,0.0314159676781106],[0.0332783829870291,0.0312166827025928,0.0291982791981675,0.0272468793008046,0.0254100967102198,0.0237766859599221,0.0224927476123755,0.0217705668631665,0.0218580899295828,0.0229380322143206,0.0249947217454504,0.0277370763102154,0.0306259333843048,0.0329875797176614,0.0341882342502511,0.033843204466408,0.0319716134824303,0.0289947614593001,0.0255838240609587,0.0224594625395405,0.0202204630500365,0.0191906210631586,0.0193438865373242,0.0204006915470905,0.0220263927408782,0.0239610822328524,0.0260467078123665,0.0281980766975335,0.0303754474786878,0.032564050369764],[0.0345681500944992,0.0325677040754971,0.0305831856353056,0.0286177387962738,0.026688464398212,0.0248396307233059,0.0231683175292674,0.0218580899295828,0.0212029891724505,0.0215620333340151,0.0231744465413534,0.0259209289832334,0.0292126553286943,0.0321131624358452,0.033625739000797,0.0331057619562711,0.0305911568074224,0.0267986020089746,0.0228027946316245,0.0196505266119487,0.0180304206307399,0.0180195383394432,0.019190246363739,0.0210139009525418,0.0231174825558926,0.0253063151371924,0.027496965330245,0.0296624376328958,0.0318014895629206,0.0339225635434462],[0.0359556761260187,0.0340717169079788,0.0321977940240453,0.0303221821603832,0.0284369536157053,0.0265444464718491,0.0246772193784198,0.0229380322143206,0.0215620333340151,0.0209738692132048,0.0217185040927408,0.0240974059503031,0.0276970511068261,0.0312851889023688,0.0332413789418954,0.0324010658079948,0.02884794752968,0.0239071644654852,0.0193944505650685,0.0168100084000104,0.0165881777218983,0.0180300566919237,0.0202204630500365,0.0226010507502668,0.0249419340751552,0.0271795785240234,0.0293175324475304,0.031381221566672,0.0333974040015989,0.0353908069383393],[0.0373338370172699,0.0356024582702587,0.0338934904239051,0.0321894983733556,0.0304672118527597,0.0287010346928889,0.0268721525364515,0.0249947217454504,0.0231744465413534,0.0217185040927408,0.0212669207292591,0.0226834257837895,0.0262455187081505,0.0306696199573968,0.0332852936402529,0.0317890236672388,0.0264023997579397,0.0198441422093318,0.0154068942445966,0.0147946619288744,0.0168103602403177,0.0196505266119487,0.0224594625395406,0.0250085330494286,0.0272957393693979,0.029380936509974,0.0313306391013862,0.0332006391254264,0.0350335120136329,0.0368592861158005],[0.0385926691463249,0.0370263703776959,0.0355073539731618,0.0340192556584229,0.0325365524297008,0.0310233886409691,0.0294366236533123,0.0277370763102154,0.0259209289832334,0.0240974059503031,0.0226834257837895,0.0227042593452238,0.0255509552305953,0.0308834330471246,0.0345669287571703,0.0315164321478941,0.0224564553518336,0.0138717903652198,0.0120957911916454,0.0154065587573737,0.0193944505650685,0.0228025968879604,0.0255837119594844,0.0278899788349587,0.0298740440478719,0.0316569435246458,0.0333287815079277,0.0349533236186479,0.0365732887391968,0.0382159753994383],[0.0396293631676813,0.0382143952477726,0.0368756889029978,0.0356031382722777,0.0343768583654769,0.0331663310064585,0.0319311664229039,0.0306259333843048,0.0292126553286943,0.0276970511068261,0.0262455187081505,0.0255509552305953,0.0275171403532539,0.0341793854958949,0.0404092527868684,0.0320980649675698,0.0150223679425977,0.00691539678006793,0.0138720995239498,0.0198441422093318,0.0239069855758657,0.0267986020089746,0.0289947614593001,0.030775578727019,0.032315511835127,0.0337300484460284,0.0350979340293939,0.0364718616199546,0.0378851242697901,0.0393562453851975],[0.0403559549142581,0.0390540627375194,0.0378530545689394,0.0367496501784931,0.0357322083292864,0.0347818162580953,0.0338748684008787,0.0329875797176614,0.0321131624358452,0.0312851889023688,0.0306696199573968,0.0308834330471246,0.0341793854958949,0.047050697049842,null,null,0.0126234156547918,0.0150226491615998,0.0221306068365907,0.0264023997579397,0.02884794752968,0.0305911568074224,0.0319716134824303,0.0331609590036955,0.0342592365020054,0.0353366338658525,0.0364416833729869,0.0376075038888753,0.0388542377769618,0.0401904633432808],[0.0407083298910288,0.0394620881214607,0.0383299299343022,0.0373111110354904,0.0363992555488933,0.0355823341758019,0.0348470764457394,0.0341882342502511,0.033625739000797,0.0332413789418954,0.0332852936402529,0.0345669287571703,0.0404092527868684,null,null,null,null,0.0320980649675698,0.0315164321478941,0.0317890236672388,0.0324008080032145,0.0331057619562711,0.033843204466408,0.0346056106259659,0.035406091018841,0.036266132333236,0.0372076399211845,0.0382475333325421,0.0393951016038472,0.0406528953172522],[0.0406528953172522,0.0393951016038472,0.0382475333325421,0.0372076399211845,0.036266132333236,0.035406091018841,0.0346056106259659,0.033843204466408,0.0331057619562711,0.0324008080032145,0.0317890236672388,0.0315164321478941,0.0320980649675698,null,null,null,null,0.0404092527868683,0.0345669287571703,0.0332852936402529,0.0332413789418954,0.033625739000797,0.0341882342502511,0.0348470764457394,0.0355823341758019,0.0363992555488933,0.0373111110354904,0.0383299299343021,0.0394620881214607,0.0407083298910288],[0.0401904633432808,0.0388542377769618,0.0376075038888753,0.0364416833729869,0.0353366338658524,0.0342592365020054,0.0331609590036955,0.0319716134824303,0.0305911568074224,0.02884794752968,0.0264023997579397,0.0224564553518336,0.0150226491615998,0.0126234156547918,null,null,0.0470506970498419,0.0341793854958949,0.0308834330471246,0.0306696199573968,0.0312851889023687,0.0321131624358452,0.0329875797176614,0.0338748684008787,0.0347818162580953,0.0357322083292864,0.0367496501784931,0.0378530545689394,0.0390540627375194,0.0403559549142581],[0.0393562453851975,0.0378851242697901,0.0364718616199546,0.0350979340293939,0.0337300484460284,0.032315511835127,0.030775578727019,0.0289947614593001,0.0267986020089746,0.0239071644654852,0.0198441422093318,0.0138720995239498,0.0069160705911203,0.0150226491615998,0.0320980649675698,0.0404090892610462,0.0341793854958949,0.0275171403532538,0.0255509552305953,0.0262455187081504,0.0276970511068261,0.0292126553286943,0.0306259333843048,0.0319311664229039,0.0331663310064585,0.0343768583654769,0.0356031382722777,0.0368756889029978,0.0382143952477726,0.0396293631676813],[0.0382159753994383,0.0365732887391968,0.0349533236186478,0.0333287815079277,0.0316569435246458,0.0298740440478719,0.0278899788349587,0.0255837119594844,0.0228027946316245,0.0193944505650685,0.0154068942445966,0.0120957911916454,0.0138717903652199,0.0224564553518336,0.0315164321478941,0.0345669287571703,0.0308834330471246,0.0255509552305953,0.0227047150422019,0.0226834257837895,0.0240974059503031,0.0259209289832334,0.0277370763102154,0.0294366236533123,0.0310233886409691,0.0325365524297008,0.0340192556584229,0.0355073539731618,0.0370263703776959,0.0385926691463249],[0.0368592861158005,0.0350335120136329,0.0332006391254264,0.0313306391013862,0.029380936509974,0.0272957393693979,0.0250085330494286,0.0224593236536105,0.0196505266119487,0.0168100084000104,0.0147943367606473,0.0154068942445966,0.0198441422093318,0.0264023997579397,0.0317890236672388,0.0332854954608114,0.0306696199573968,0.0262455187081504,0.0226834257837895,0.0212669207292591,0.0217185040927408,0.0231744465413535,0.0249947217454504,0.0268721525364515,0.0287010346928889,0.0304672118527597,0.0321894983733556,0.0338934904239051,0.0356024582702587,0.0373338370172699],[0.0353908069383393,0.0333974040015989,0.031381221566672,0.0293175324475303,0.0271795785240234,0.0249419340751552,0.0226010507502668,0.0202204630500365,0.0180304206307399,0.0165885234847706,0.0168103602403177,0.0193944505650685,0.0239071644654852,0.02884794752968,0.0324008080032145,0.0332413789418954,0.0312851889023687,0.0276970511068261,0.0240974059503031,0.0217185040927408,0.0209734544322734,0.0215620333340151,0.0229380322143206,0.0246772193784198,0.0265444464718491,0.0284369536157053,0.0303221821603832,0.0321977940240453,0.0340717169079788,0.0359556761260187],[0.0339225635434462,0.0318014895629206,0.0296624376328958,0.027496965330245,0.0253063151371924,0.0231174825558926,0.0210139009525418,0.0191906210631586,0.0180198989963534,0.0180300566919237,0.0196505266119487,0.0228027946316245,0.0267986020089746,0.0305911568074224,0.0331057619562711,0.033625739000797,0.0321131624358452,0.0292126553286943,0.0259209289832334,0.0231744465413535,0.0215620333340151,0.0212029891724505,0.0218580899295828,0.0231683175292674,0.0248396307233059,0.026688464398212,0.0286177387962738,0.0305831856353056,0.0325677040754971,0.0345681500944992],[0.032564050369764,0.0303754474786878,0.0281980766975335,0.0260467078123665,0.0239610822328524,0.0220263927408782,0.0204010769600164,0.019344260069515,0.0191906210631586,0.0202204630500365,0.0224593236536105,0.0255837119594844,0.0289947614593001,0.0319716134824303,0.033843204466408,0.0341882342502511,0.0329875797176614,0.0306259333843048,0.0277370763102154,0.0249947217454504,0.0229380322143206,0.0218580899295828,0.0217701555137829,0.0224927476123755,0.0237766859599221,0.0254100967102198,0.0272468793008047,0.0291982791981675,0.0312166827025928,0.0332783829870291],[0.0314159676781106,0.0292329293038992,0.0271124304434076,0.0250963018787049,0.0232619373745295,0.0217366828472935,0.0207071806610392,0.0204006915470905,0.0210139009525418,0.0226010507502668,0.0250085330494286,0.0278899788349587,0.030775578727019,0.0331609590036955,0.0346056106259659,0.0348470764457394,0.0338748684008787,0.0319311664229039,0.0294366236533123,0.0268721525364515,0.0246772193784198,0.0231683175292674,0.0224927476123755,0.0226254041983633,0.0234258991246106,0.024714529508231,0.0263325888728264,0.0281630106631096,0.0301286590269837,0.0321845507568385],[0.0305622080614468,0.0284607687293241,0.0264892952436769,0.0247131111809269,0.0232327143587533,0.0221858831752975,0.0217366828472935,0.0220263927408782,0.0231174825558926,0.0249419340751552,0.0272957393693979,0.0298740440478719,0.032315511835127,0.0342592365020054,0.035406091018841,0.0355823341758019,0.0347818162580953,0.0331663310064585,0.0310233886409691,0.0287010346928889,0.0265444464718491,0.0248396307233059,0.0237766859599221,0.0234258991246106,0.0237469511008838,0.024630740440345,0.0259411359440118,0.0275578298663224,0.0293880733200006,0.0313682274721441],[0.0300651114017939,0.0281139007328277,0.0263654791476044,0.0248977814904379,0.0238137582973463,0.0232327143587533,0.0232619373745295,0.0239610822328524,0.0253063151371924,0.0271795785240234,0.029380936509974,0.0316569435246458,0.0337300484460284,0.0353366338658525,0.036266132333236,0.0363992555488933,0.0357322083292864,0.0343768583654769,0.0325365524297008,0.0304672118527597,0.0284369536157053,0.026688464398212,0.0254100967102198,0.024714529508231,0.024630740440345,0.0251148667684281,0.0260785507342129,0.0274203802140943,0.0290483647839449,0.0308902721714965],[0.0299603406335254,0.0282117585322401,0.0267319289484933,0.0255980181262906,0.0248977814904379,0.0247131111809269,0.0250963018787049,0.0260467078123665,0.027496965330245,0.0293175324475304,0.0313305113446697,0.0333287815079277,0.0350979340293939,0.0364416833729869,0.0372076399211845,0.037311215822309,0.0367496501784931,0.0356031382722777,0.0340192556584229,0.0321894983733556,0.0303221821603832,0.0286177387962738,0.0272468793008047,0.0263325888728264,0.0259411359440118,0.0260785507342129,0.0267033923923033,0.0277463740820095,0.0291305713874295,0.0307862752936678],[0.0302579139873835,0.0287418947151392,0.0275447890629888,0.0267319289484933,0.0263654791476044,0.0264892952436769,0.0271124304434077,0.0281980766975335,0.0296624376328958,0.031381221566672,0.0332006391254264,0.0349533236186479,0.0364718616199546,0.0376075038888753,0.0382475333325421,0.0383299299343021,0.0378530545689394,0.0368756889029978,0.0355073539731618,0.0338934904239051,0.0321977940240453,0.0305831856353056,0.0291982791981675,0.0281630106631096,0.0275578298663224,0.0274203802140943,0.0277463740820095,0.0284995847317356,0.0296261661925913,0.0310679193348731],[0.0309449895259193,0.0296688467783199,0.0287418947151392,0.0282117585322401,0.0281139007328277,0.0284607687293241,0.0292329293038992,0.0303754474786878,0.0318014895629206,0.0333974040015989,0.0350335120136329,0.0365732887391968,0.0378851242697901,0.0388542377769618,0.0393951016038472,0.0394620881214607,0.0390540627375194,0.0382143952477726,0.0370263703776959,0.0356024582702587,0.0340717169079788,0.0325677040754971,0.0312166827025928,0.0301286590269837,0.0293880733200006,0.0290483647839449,0.0291305713874295,0.0296261661925913,0.0305051326384679,0.0317255017930104],[0.0319924390568546,0.0309449895259193,0.0302579139873835,0.0299603406335254,0.0300651114017939,0.0305622080614468,0.0314159676781106,0.032564050369764,0.0339225635434462,0.0353908069383393,0.0368592861158005,0.0382159753994383,0.0393562453851975,0.0401904633432808,0.0406528953172522,0.0407083298910288,0.0403559549142581,0.0396293631676813,0.0385926691463249,0.0373338370172699,0.0359556761260187,0.0345681500944992,0.0332783829870291,0.0321845507568385,0.0313682274721441,0.0308902721714965,0.0307862752936678,0.0310679193348731,0.0317255152161778,0.032733824453812]],"contours":{"z":{"show":true,"usecolormap":true,"highlightcolor":"#ff0000","project":{"z":true}}},"type":"surface","frame":null}],"highlight":{"on":"plotly_click","persistent":false,"dynamic":false,"selectize":false,"opacityDim":0.2,"selected":{"opacity":1}},"base_url":"https://plot.ly"},"evals":["config.modeBarButtonsToAdd.0.click"],"jsHooks":{"render":[{"code":"function(el, x) { var ctConfig = crosstalk.var('plotlyCrosstalkOpts').set({\"on\":\"plotly_click\",\"persistent\":false,\"dynamic\":false,\"selectize\":false,\"opacityDim\":0.2,\"selected\":{\"opacity\":1}}); }","data":null}]}}</script>
<script type="application/htmlwidget-sizing" data-for="1154c3d3767">{"viewer":{"width":"100%","height":400,"padding":15,"fill":true},"browser":{"width":"100%","height":400,"padding":40,"fill":true}}</script>
</body>
</html>
