<!DOCTYPE html>
<html>
<head>
<meta charset="utf-8"/>
<script src="urIm_files/htmlwidgets-0.9/htmlwidgets.js"></script>
<script src="urIm_files/plotly-binding-4.7.1/plotly.js"></script>
<script src="urIm_files/typedarray-0.1/typedarray.min.js"></script>
<script src="urIm_files/jquery-1.11.3/jquery.min.js"></script>
<link href="urIm_files/crosstalk-1.0.0/css/crosstalk.css" rel="stylesheet" />
<script src="urIm_files/crosstalk-1.0.0/js/crosstalk.min.js"></script>
<link href="urIm_files/plotlyjs-1.29.2/plotly-htmlwidgets.css" rel="stylesheet" />
<script src="urIm_files/plotlyjs-1.29.2/plotly-latest.min.js"></script>

</head>
<body style="background-color:white;">
<div id="htmlwidget_container">
  <div id="1154597b883" style="width:100%;height:400px;" class="plotly html-widget"></div>
</div>
<script type="application/json" data-for="1154597b883">{"x":{"visdat":{"1154283cbec":["function () ","plotlyVisDat"]},"cur_data":"1154283cbec","attrs":{"1154283cbec":{"x":[-6,-5.51724137931035,-5.03448275862069,-4.55172413793103,-4.06896551724138,-3.58620689655172,-3.10344827586207,-2.62068965517241,-2.13793103448276,-1.6551724137931,-1.17241379310345,-0.689655172413793,-0.206896551724138,0.275862068965518,0.758620689655173,1.24137931034483,1.72413793103448,2.20689655172414,2.68965517241379,3.17241379310345,3.6551724137931,4.13793103448276,4.62068965517241,5.10344827586207,5.58620689655172,6.06896551724138,6.55172413793104,7.03448275862069,7.51724137931035,8],"y":[-6,-5.51724137931035,-5.03448275862069,-4.55172413793103,-4.06896551724138,-3.58620689655172,-3.10344827586207,-2.62068965517241,-2.13793103448276,-1.6551724137931,-1.17241379310345,-0.689655172413793,-0.206896551724138,0.275862068965518,0.758620689655173,1.24137931034483,1.72413793103448,2.20689655172414,2.68965517241379,3.17241379310345,3.6551724137931,4.13793103448276,4.62068965517241,5.10344827586207,5.58620689655172,6.06896551724138,6.55172413793104,7.03448275862069,7.51724137931035,8],"z":{},"contours":{"z":{"show":true,"usecolormap":true,"highlightcolor":"#ff0000","project":{"z":true}}},"alpha":1,"sizes":[10,100],"type":"surface"}},"layout":{"margin":{"b":40,"l":60,"t":25,"r":10},"scene":{"camera":{"eye":{"x":1.87,"y":0.88,"z":-0.64}},"zaxis":{"title":"urIm"}},"xaxis":{"domain":[0,1]},"yaxis":{"domain":[0,1]},"hovermode":"closest","showlegend":false,"legend":{"y":0.5,"yanchor":"top"}},"source":"A","config":{"modeBarButtonsToAdd":[{"name":"Collaborate","icon":{"width":1000,"ascent":500,"descent":-50,"path":"M487 375c7-10 9-23 5-36l-79-259c-3-12-11-23-22-31-11-8-22-12-35-12l-263 0c-15 0-29 5-43 15-13 10-23 23-28 37-5 13-5 25-1 37 0 0 0 3 1 7 1 5 1 8 1 11 0 2 0 4-1 6 0 3-1 5-1 6 1 2 2 4 3 6 1 2 2 4 4 6 2 3 4 5 5 7 5 7 9 16 13 26 4 10 7 19 9 26 0 2 0 5 0 9-1 4-1 6 0 8 0 2 2 5 4 8 3 3 5 5 5 7 4 6 8 15 12 26 4 11 7 19 7 26 1 1 0 4 0 9-1 4-1 7 0 8 1 2 3 5 6 8 4 4 6 6 6 7 4 5 8 13 13 24 4 11 7 20 7 28 1 1 0 4 0 7-1 3-1 6-1 7 0 2 1 4 3 6 1 1 3 4 5 6 2 3 3 5 5 6 1 2 3 5 4 9 2 3 3 7 5 10 1 3 2 6 4 10 2 4 4 7 6 9 2 3 4 5 7 7 3 2 7 3 11 3 3 0 8 0 13-1l0-1c7 2 12 2 14 2l218 0c14 0 25-5 32-16 8-10 10-23 6-37l-79-259c-7-22-13-37-20-43-7-7-19-10-37-10l-248 0c-5 0-9-2-11-5-2-3-2-7 0-12 4-13 18-20 41-20l264 0c5 0 10 2 16 5 5 3 8 6 10 11l85 282c2 5 2 10 2 17 7-3 13-7 17-13z m-304 0c-1-3-1-5 0-7 1-1 3-2 6-2l174 0c2 0 4 1 7 2 2 2 4 4 5 7l6 18c0 3 0 5-1 7-1 1-3 2-6 2l-173 0c-3 0-5-1-8-2-2-2-4-4-4-7z m-24-73c-1-3-1-5 0-7 2-2 3-2 6-2l174 0c2 0 5 0 7 2 3 2 4 4 5 7l6 18c1 2 0 5-1 6-1 2-3 3-5 3l-174 0c-3 0-5-1-7-3-3-1-4-4-5-6z"},"click":"function(gd) { \n        // is this being viewed in RStudio?\n        if (location.search == '?viewer_pane=1') {\n          alert('To learn about plotly for collaboration, visit:\\n https://cpsievert.github.io/plotly_book/plot-ly-for-collaboration.html');\n        } else {\n          window.open('https://cpsievert.github.io/plotly_book/plot-ly-for-collaboration.html', '_blank');\n        }\n      }"}],"cloud":false},"data":[{"colorbar":{"title":"urIm","ticklen":2,"len":0.5,"y":1,"lenmode":"fraction","yanchor":"top"},"colorscale":[["0","rgba(68,1,84,1)"],["0.340046669779428","rgba(49,106,142,1)"],["0.408188929310712","rgba(43,121,142,1)"],["0.43845179096695","rgba(39,129,142,1)"],["0.482243069196283","rgba(37,139,140,1)"],["0.511376600228945","rgba(36,147,139,1)"],["0.544741768848203","rgba(32,155,138,1)"],["0.570295438701982","rgba(35,161,135,1)"],["0.597623607463874","rgba(42,167,131,1)"],["0.621825163316085","rgba(46,173,128,1)"],["0.639733544160222","rgba(49,177,125,1)"],["0.657843961160287","rgba(52,181,122,1)"],["0.681039954666879","rgba(63,186,117,1)"],["0.693550634732214","rgba(71,188,114,1)"],["0.719461263554","rgba(84,193,107,1)"],["0.739544267612554","rgba(94,197,101,1)"],["0.757878970042855","rgba(101,201,95,1)"],["0.783489041530841","rgba(113,206,87,1)"],["0.808545945084405","rgba(131,210,79,1)"],["0.830025775252051","rgba(145,213,71,1)"],["0.845769455529009","rgba(155,215,65,1)"],["0.874537161404285","rgba(172,220,52,1)"],["0.902526694329562","rgba(189,223,43,1)"],["0.942842326512768","rgba(216,227,41,1)"],["1","rgba(253,231,37,1)"]],"showscale":true,"x":[-6,-5.51724137931035,-5.03448275862069,-4.55172413793103,-4.06896551724138,-3.58620689655172,-3.10344827586207,-2.62068965517241,-2.13793103448276,-1.6551724137931,-1.17241379310345,-0.689655172413793,-0.206896551724138,0.275862068965518,0.758620689655173,1.24137931034483,1.72413793103448,2.20689655172414,2.68965517241379,3.17241379310345,3.6551724137931,4.13793103448276,4.62068965517241,5.10344827586207,5.58620689655172,6.06896551724138,6.55172413793104,7.03448275862069,7.51724137931035,8],"y":[-6,-5.51724137931035,-5.03448275862069,-4.55172413793103,-4.06896551724138,-3.58620689655172,-3.10344827586207,-2.62068965517241,-2.13793103448276,-1.6551724137931,-1.17241379310345,-0.689655172413793,-0.206896551724138,0.275862068965518,0.758620689655173,1.24137931034483,1.72413793103448,2.20689655172414,2.68965517241379,3.17241379310345,3.6551724137931,4.13793103448276,4.62068965517241,5.10344827586207,5.58620689655172,6.06896551724138,6.55172413793104,7.03448275862069,7.51724137931035,8],"z":[[0.0151322868725467,0.0143244311056516,0.0136963491045104,0.0132627769738009,0.01302640268044,0.0129797824215663,0.0131044324516145,0.0133706931401273,0.0137405981059061,0.0141708810327524,0.0146162435885994,0.0150324438719393,0.0153792445555548,0.0156232404628639,0.0157404673962864,0.0157184469912541,0.0155573371315862,0.0152699445692392,0.0148806070259805,0.0144231997688479,0.0139385994292971,0.0134719346254419,0.0130696799550679,0.0127765085749978,0.0126318049448896,0.0126662885225689,0.0128987692317252,0.0133360890080849,0.0139741735691914,0.0148016188830872],[0.0143244311056515,0.0134199163989048,0.0126975130003643,0.0121746944961732,0.0118630739839154,0.0117634708958655,0.0118623638537906,0.0121317720851516,0.0125308467024221,0.0130103268739556,0.013516780566555,0.0139967620870049,0.0144007349039163,0.0146869310162317,0.0148250167793961,0.0147990709126964,0.0146093001655085,0.0142720552844979,0.013818161183712,0.013290020691514,0.0127380708474273,0.0122170544995949,0.0117821520725012,0.0114847837830333,0.0113673516284233,0.0114592462009998,0.0117735954925138,0.0123079314757821,0.0130481507268755,0.0139741735691914],[0.0136963491045104,0.0126975130003643,0.0118712543905369,0.0112422613587862,0.0108323029563411,0.0106535984892206,0.0107024189276361,0.0109556211436667,0.0113721272022017,0.0118968960472892,0.0124671829662571,0.0130181206070015,0.0134880803414197,0.0138240321520304,0.0139868341758936,0.013955739706444,0.013731025339221,0.0133340115315892,0.0128045026547026,0.0121964192065218,0.0115727252397189,0.011000292494808,0.010544677735068,0.0102636488534178,0.0102009254800623,0.0103800860174152,0.0108030933509687,0.0114542671426279,0.0123079314757821,0.0133360890080849],[0.0132627769738009,0.0121746944961732,0.0112422613587862,0.010494677592239,0.00996308555262928,0.00967362041092385,0.00963792956631546,0.00984484719765928,0.0102573803005887,0.0108171663767255,0.0114512116473192,0.0120804409209088,0.0126271707726936,0.0130227442039703,0.0132154273821249,0.0131774240604698,0.0129091124626713,0.0124390715252916,0.011819953399576,0.0111217245919924,0.0104241873545866,0.00980982981257366,0.00935570640155185,0.00912488880694356,0.00915652205371569,0.00946033295718133,0.010019902533228,0.0108030933509687,0.0117735954925138,0.0128987692317252],[0.01302640268044,0.0118630739839154,0.0108323029563411,0.00996308555262928,0.00929188854056466,0.00885821901700763,0.00869427548588853,0.00881040776951706,0.00918407850290776,0.00975854661125095,0.0104515855405829,0.0111665157012333,0.0118039071754102,0.0122727774361907,0.0125027009830119,0.0124551717005863,0.0121307207740832,0.0115689476975365,0.0108415933042256,0.010041698420596,0.00927242833508163,0.00863601424170432,0.00822228519529935,0.008093512800423,0.00827226796867985,0.00874157100874732,0.00946033295718134,0.0103800860174152,0.0114592462009998,0.0126662885225689],[0.0129797824215663,0.0117634708958655,0.0106535984892206,0.00967362041092385,0.00885821901700763,0.00825378790394113,0.00791448045330479,0.00788097805022053,0.00816152271323409,0.00871472311481967,0.00945332489112327,0.0102604165523953,0.0110067345622254,0.0115685198812574,0.0118465941622291,0.011785484035207,0.0113859653302747,0.0107050875877765,0.00984399899944457,0.00892999499623117,0.0080992549209436,0.00747976324406453,0.00717046465595638,0.00721699635142206,0.00760325666825177,0.00827226796867985,0.00915652205371569,0.0102009254800623,0.0113673516284233,0.0126318049448896],[0.0131044324516145,0.0118623638537906,0.0107024179987691,0.00963792956631546,0.00869427548588853,0.00791448045330479,0.00736208775772475,0.00711342745257732,0.00722430844075939,0.00769475031433922,0.00844894548636474,0.00934992011140289,0.0102284760393523,0.0109116210743095,0.0112543387976769,0.0111730348766584,0.0106689158616538,0.00982795533101445,0.00879833035122661,0.00775993353438307,0.0068967272423437,0.00636726968693246,0.00626189795580735,0.00657290299040972,0.00721699635142206,0.008093512800423,0.00912488880694356,0.0102636488534178,0.0114847837830333,0.0127765085749978],[0.0133706931401273,0.0121317720851516,0.0109556211436667,0.00984484719765928,0.00881040776951706,0.00788097805022053,0.00711342745257732,0.00659935584678978,0.00645004524448778,0.00674099618986464,0.00744795174990741,0.00842974988622134,0.00946707180093169,0.0103124216520566,0.0107449106778076,0.0106319289892991,0.00997554899465516,0.00891223304256321,0.00766869787337576,0.00650812157068567,0.00568512235377801,0.00537871088059693,0.00561173106003349,0.00626172316771432,0.00717046465595638,0.00822228519529935,0.00935570640155185,0.010544677735068,0.0117821520725012,0.0130696799550679],[0.0137405981059061,0.0125308467024221,0.0113721272022017,0.0102573803005887,0.00918407850290776,0.00816152271323409,0.00722430844075939,0.00645004524448778,0.00597287964009733,0.00595831155075202,0.00649930935269347,0.00751001695147764,0.00872625860435885,0.00979036950814006,0.0103510798059156,0.010184889683804,0.00929591333563914,0.00791458241292231,0.00640497078347682,0.00517050108364091,0.00455962025901219,0.00468867692643566,0.00537857610961066,0.00636726968693246,0.00747976324406453,0.00863601424170432,0.00980982981257366,0.011000292494808,0.0122170544995949,0.0134719346254419],[0.0141708810327524,0.0130103268739556,0.0118968960472892,0.0108171663767255,0.00975854661125095,0.00871472311481967,0.00769475031433922,0.00674099618986464,0.00595831155075202,0.00554288061678413,0.00573923074433393,0.00664276735023172,0.00802173490532628,0.00937565208125725,0.0101232195722611,0.00985952076363541,0.00859434724404013,0.00674737824364352,0.00494015813460067,0.00382825082151657,0.00378580232233674,0.00455952046220919,0.00568512235377801,0.0068967272423437,0.0080992549209436,0.00927242833508163,0.0104241873545866,0.0115727252397189,0.0127380708474273,0.0139385994292971],[0.0146162435885994,0.013516780566555,0.0124671829662571,0.0114512116473192,0.0104515855405829,0.00945332489112327,0.00844894548636474,0.00744795174990741,0.00649930935269347,0.00573923074433393,0.00545255784784836,0.00599856138505904,0.00741466852904404,0.00912327877393633,0.0101464598823709,0.00968353109337661,0.00776279225529411,0.005222905872785,0.00324045742818059,0.00287543782927901,0.00382832055049037,0.00517050108364091,0.00650812157068568,0.00775993353438307,0.00892999499623117,0.010041698420596,0.0111217259755252,0.0121964192065218,0.013290020691514,0.0144231997688479],[0.0150324438719393,0.0139967620870049,0.0130181206070015,0.0120804409209088,0.0111665157012333,0.0102604165523953,0.00934992011140289,0.00842974988622134,0.00751001695147764,0.00664276735023172,0.00599856138505904,0.00599230785650407,0.00713948792293477,0.00920142149937963,0.0106496240163952,0.00972613997032647,0.00652549581327011,0.00294663903044278,0.00179864077406492,0.00324041334375673,0.00494015813460067,0.00640497064126308,0.00766869783708084,0.00879833035122661,0.00984399899944457,0.0108415933042256,0.011819953399576,0.0128045026547026,0.013818161183712,0.0148806070259805],[0.0153792445555548,0.0144007349039163,0.0134880803414197,0.0126271707726936,0.0118039071754102,0.0110067345622254,0.0102284760393523,0.00946707180093169,0.00872625860435885,0.00802173490532628,0.00741466852904404,0.00713948792293477,0.00787206756658835,0.0103258295172863,0.0127571783360647,0.0132663259322028,0.00452857560176808,-0.000275765613876233,0.00294666011179015,0.00522290587278501,0.00674737818313197,0.00791458241292232,0.00891223304256321,0.00982795533101445,0.0107050875877765,0.0115689476975365,0.0124390715252916,0.0133340115315892,0.0142720552844979,0.0152699445692392],[0.0156232404628639,0.0146869310162317,0.0138240321520304,0.0130227442039703,0.0122727774361907,0.0115685198812574,0.0109116210743095,0.0103124216520566,0.00979036950814006,0.00937565208125725,0.00912327877393633,0.00920142149937963,0.0103258295172863,0.0148819265046162,null,null,0.00806111076833197,0.0045285755049711,0.00852582958962116,0.00776279225529411,0.00859434724404013,0.00929591333563914,0.00997554899465516,0.0106689158616538,0.0113859653302747,0.0121307207740832,0.0129091124626713,0.013731025339221,0.0146093001655085,0.0155573371315862],[0.0157404673962864,0.0148250167793961,0.0139868341758936,0.0132154273821249,0.0125027009830119,0.0118465941622291,0.0112543387976769,0.0107449106778076,0.0103510798059156,0.0101232195722611,0.0101464598823709,0.0106496240163952,0.0127571783360647,null,null,null,null,0.0132663259322029,0.00972613997032648,0.00968353109337661,0.00985952078591284,0.010184889683804,0.0106319289892991,0.0111730348766584,0.011785484035207,0.0124551717005863,0.0131774240604698,0.0139557397064439,0.0147990709126964,0.0157184469912541],[0.0157184469912541,0.0147990709126964,0.013955739706444,0.0131774240604698,0.0124551717005863,0.011785484035207,0.0111730348766584,0.0106319289892991,0.010184889683804,0.00985952078591284,0.00968353109337661,0.00972613997032647,0.0132663259322028,null,null,null,null,0.0127571783360647,0.0106496240163952,0.0101464598823709,0.0101232195722611,0.0103510798059156,0.0107449106778076,0.0112543387976769,0.0118465941622291,0.0125027009830119,0.0132154273821249,0.0139868341758936,0.0148250167793961,0.0157404673962864],[0.0155573371315862,0.0146093001655085,0.013731025339221,0.0129091124626713,0.0121307207740832,0.0113859653302747,0.0106689158616538,0.00997554899465516,0.00929591333563914,0.00859434724404013,0.00776279225529411,0.00652549581327011,0.00452857550497109,0.00806111076833197,null,null,0.0148819265046161,0.0103258295172863,0.00920142149937962,0.00912327877393633,0.00937565208125724,0.00979036950814006,0.0103124216520566,0.0109116210743094,0.0115685198812574,0.0122727774361906,0.0130227442039703,0.0138240321520304,0.0146869310162317,0.0156232404628639],[0.0152699445692392,0.0142720552844979,0.0133340115315892,0.0124390715252916,0.0115689476975365,0.0107050875877765,0.00982795533101445,0.00891223304256321,0.00791458241292231,0.00674737824364352,0.005222905872785,0.00294666011179014,-0.000275727482454885,0.0045285755049711,0.0132663259322029,0.0127571782974713,0.0103258295172863,0.00787206756658835,0.00713948792293476,0.00741466852904403,0.00802173490532627,0.00872625860435885,0.00946707180093169,0.0102284760393523,0.0110067345622254,0.0118039071754102,0.0126271707726936,0.0134880803414197,0.0144007349039163,0.0153792445555548],[0.0148806070259805,0.013818161183712,0.0128045026547026,0.011819953399576,0.0108415933042256,0.00984399899944457,0.00879833035122661,0.00766869783708084,0.00640497078347682,0.00494015813460067,0.00324045742818059,0.00179864077406492,0.00294663903044279,0.00652549581327012,0.00972613997032648,0.0106496240163952,0.00920142149937962,0.00713948792293476,0.00599235381129751,0.00599856138505904,0.00664276735023172,0.00751001695147764,0.00842974988622134,0.00934992011140289,0.0102604165523953,0.0111665157012333,0.0120804409209088,0.0130181206070015,0.0139967620870049,0.0150324438719392],[0.0144231997688479,0.013290020691514,0.0121964192065218,0.0111217259755252,0.010041698420596,0.00892999499623117,0.00775993353438307,0.00650812144577885,0.00517050108364091,0.00382825082151657,0.00287538213679137,0.00324045742818059,0.00522290587278501,0.00776279225529411,0.00968353109337661,0.0101464989808104,0.00912327877393633,0.00741466852904403,0.00599856138505904,0.00545255784784836,0.00573923074433393,0.00649930935269348,0.00744795174990741,0.00844894548636474,0.00945332489112327,0.0104515855405829,0.0114512116473192,0.0124671829662571,0.013516780566555,0.0146162435885994],[0.0139385994292971,0.0127380708474273,0.0115727252397189,0.0104241873545866,0.00927242833508163,0.0080992549209436,0.0068967272423437,0.00568512235377801,0.00455962025901219,0.00378588562647058,0.00382832055049037,0.00494015813460067,0.00674737824364352,0.00859434724404013,0.00985952078591284,0.0101232195722611,0.00937565208125724,0.00802173490532627,0.00664276735023172,0.00573923074433393,0.00554278972069399,0.00595831155075202,0.00674099618986464,0.00769475031433922,0.00871472311481967,0.00975854661125095,0.0108171663767255,0.0118968960472892,0.0130103268739556,0.0141708810327524],[0.0134719346254419,0.0122170544995949,0.011000292494808,0.00980982981257366,0.00863601424170432,0.00747976324406453,0.00636726968693246,0.00537871088059693,0.00468879269260973,0.00455952046220919,0.00517050108364091,0.00640497078347682,0.00791458241292232,0.00929591333563914,0.010184889683804,0.0103510798059156,0.00979036950814006,0.00872625860435885,0.00751001695147764,0.00649930935269348,0.00595831155075202,0.00597287964009733,0.00645004524448778,0.00722430844075939,0.00816152271323408,0.00918407850290775,0.0102573803005887,0.0113721272022017,0.0125308467024221,0.0137405981059061],[0.0130696799550679,0.0117821520725012,0.010544677735068,0.00935570640155185,0.00822228519529935,0.00717046465595638,0.00626189795580735,0.00561188431001998,0.00537871088059693,0.00568512235377801,0.00650812144577886,0.00766869783708084,0.00891223304256321,0.00997554899465516,0.0106319289892991,0.0107449106778076,0.0103124216520566,0.00946707180093169,0.00842974988622134,0.00744795174990741,0.00674099618986464,0.00645004524448778,0.00659919688209606,0.00711342745257732,0.00788097805022053,0.00881040776951706,0.00984484719765928,0.0109556211436667,0.0121317720851516,0.0133706931401273],[0.0127765085749978,0.0114847837830333,0.0102636488534178,0.00912488880694356,0.008093512800423,0.00721699635142206,0.00657290299040972,0.00626172316771432,0.00636726968693246,0.0068967272423437,0.00775993353438307,0.00879833035122661,0.00982795533101445,0.0106689158616538,0.0111730348766584,0.0112543387976769,0.0109116210743094,0.0102284760393523,0.00934992011140289,0.00844894548636474,0.00769475031433922,0.00722430844075939,0.00711342745257732,0.00736228877977483,0.00791448045330479,0.00869427548588853,0.00963792956631546,0.0107024179987691,0.0118623638537906,0.0131044324516145],[0.0126318049448896,0.0113673516284233,0.0102009254800623,0.00915652205371569,0.00827226796867985,0.00760301330631474,0.00721699635142206,0.00717046465595638,0.00747976324406453,0.0080992549209436,0.00892999499623117,0.00984399899944457,0.0107050875877765,0.0113859653302747,0.011785484035207,0.0118465941622291,0.0115685198812574,0.0110067345622254,0.0102604165523953,0.00945332489112327,0.00871472311481967,0.00816152271323408,0.00788097805022053,0.00791448045330479,0.00825378790394113,0.00885821901700763,0.00967362041092385,0.0106535984892206,0.0117634708958655,0.0129797824215663],[0.0126662885225689,0.0114592462009998,0.0103800860174152,0.00946033295718133,0.00874157100874732,0.00827226796867985,0.008093512800423,0.00822228519529935,0.00863601424170432,0.00927242833508163,0.010041698420596,0.0108415933042256,0.0115689476975365,0.0121307207740832,0.0124551717005863,0.0125027009830119,0.0122727774361906,0.0118039071754102,0.0111665157012333,0.0104515855405829,0.00975854661125095,0.00918407850290775,0.00881040776951706,0.00869427548588853,0.00885821901700763,0.00929188854056466,0.00996308555262928,0.0108323029563411,0.0118630739839154,0.01302640268044],[0.0128987692317252,0.0117735954925138,0.0108030933509687,0.010019902533228,0.00946033295718134,0.00915652205371569,0.00912488880694356,0.00935570640155185,0.00980982981257366,0.0104241873545866,0.0111217245919924,0.011819953399576,0.0124390715252916,0.0129091124626713,0.0131774240604698,0.0132154639588453,0.0130227442039703,0.0126271707726936,0.0120804409209088,0.0114512116473192,0.0108171663767255,0.0102573803005887,0.00984484719765928,0.00963792956631546,0.00967362041092385,0.00996308555262928,0.010494677592239,0.0112422613587862,0.0121746944961732,0.0132627769738009],[0.0133360890080849,0.0123079314757821,0.0114542671426279,0.0108030933509687,0.0103800860174152,0.0102009254800623,0.0102636488534178,0.010544677735068,0.011000292494808,0.0115727252397189,0.0121964192065218,0.0128045026547026,0.0133340115315892,0.013731025339221,0.0139557397064439,0.0139868341758936,0.0138240321520304,0.0134880803414197,0.0130181206070015,0.0124671829662571,0.0118968960472892,0.0113721272022017,0.0109556211436667,0.0107024179987691,0.0106535984892206,0.0108323029563411,0.0112422613587862,0.0118712543905369,0.0126975130003643,0.0136963491045104],[0.0139741735691914,0.0130481507268755,0.0123079314757821,0.0117735954925138,0.0114592462009998,0.0113673516284233,0.0114847837830333,0.0117821520725012,0.0122170544995949,0.0127380708474273,0.013290020691514,0.013818161183712,0.0142720552844979,0.0146093001655085,0.0147990709126964,0.0148250167793961,0.0146869310162317,0.0144007349039163,0.0139967620870049,0.013516780566555,0.0130103268739556,0.0125308467024221,0.0121317720851516,0.0118623638537906,0.0117634708958655,0.0118630739839154,0.0121746944961732,0.0126975130003643,0.0134199163989048,0.0143244311056515],[0.0148016188830872,0.0139741735691914,0.0133360890080849,0.0128987692317252,0.0126662885225689,0.0126318049448896,0.0127765085749978,0.0130696799550679,0.0134719346254419,0.0139385994292971,0.0144231997688479,0.0148806070259805,0.0152699445692392,0.0155573371315862,0.0157184469912541,0.0157404673962864,0.0156232404628639,0.0153792445555548,0.0150324438719392,0.0146162435885994,0.0141708810327524,0.0137405981059061,0.0133706931401273,0.0131044324516145,0.0129797824215663,0.01302640268044,0.0132627769738009,0.0136963491045104,0.0143244303515128,0.015137408990414]],"contours":{"z":{"show":true,"usecolormap":true,"highlightcolor":"#ff0000","project":{"z":true}}},"type":"surface","frame":null}],"highlight":{"on":"plotly_click","persistent":false,"dynamic":false,"selectize":false,"opacityDim":0.2,"selected":{"opacity":1}},"base_url":"https://plot.ly"},"evals":["config.modeBarButtonsToAdd.0.click"],"jsHooks":{"render":[{"code":"function(el, x) { var ctConfig = crosstalk.var('plotlyCrosstalkOpts').set({\"on\":\"plotly_click\",\"persistent\":false,\"dynamic\":false,\"selectize\":false,\"opacityDim\":0.2,\"selected\":{\"opacity\":1}}); }","data":null}]}}</script>
<script type="application/htmlwidget-sizing" data-for="1154597b883">{"viewer":{"width":"100%","height":400,"padding":15,"fill":true},"browser":{"width":"100%","height":400,"padding":40,"fill":true}}</script>
</body>
</html>
