<!DOCTYPE html>
<html>
<head>
<meta charset="utf-8"/>
<script src="uzAbs_files/htmlwidgets-0.9/htmlwidgets.js"></script>
<script src="uzAbs_files/plotly-binding-4.7.1/plotly.js"></script>
<script src="uzAbs_files/typedarray-0.1/typedarray.min.js"></script>
<script src="uzAbs_files/jquery-1.11.3/jquery.min.js"></script>
<link href="uzAbs_files/crosstalk-1.0.0/css/crosstalk.css" rel="stylesheet" />
<script src="uzAbs_files/crosstalk-1.0.0/js/crosstalk.min.js"></script>
<link href="uzAbs_files/plotlyjs-1.29.2/plotly-htmlwidgets.css" rel="stylesheet" />
<script src="uzAbs_files/plotlyjs-1.29.2/plotly-latest.min.js"></script>

</head>
<body style="background-color:white;">
<div id="htmlwidget_container">
  <div id="1154685e4727" style="width:100%;height:400px;" class="plotly html-widget"></div>
</div>
<script type="application/json" data-for="1154685e4727">{"x":{"visdat":{"1154540a6bde":["function () ","plotlyVisDat"]},"cur_data":"1154540a6bde","attrs":{"1154540a6bde":{"x":[-6,-5.51724137931035,-5.03448275862069,-4.55172413793103,-4.06896551724138,-3.58620689655172,-3.10344827586207,-2.62068965517241,-2.13793103448276,-1.6551724137931,-1.17241379310345,-0.689655172413793,-0.206896551724138,0.275862068965518,0.758620689655173,1.24137931034483,1.72413793103448,2.20689655172414,2.68965517241379,3.17241379310345,3.6551724137931,4.13793103448276,4.62068965517241,5.10344827586207,5.58620689655172,6.06896551724138,6.55172413793104,7.03448275862069,7.51724137931035,8],"y":[-6,-5.51724137931035,-5.03448275862069,-4.55172413793103,-4.06896551724138,-3.58620689655172,-3.10344827586207,-2.62068965517241,-2.13793103448276,-1.6551724137931,-1.17241379310345,-0.689655172413793,-0.206896551724138,0.275862068965518,0.758620689655173,1.24137931034483,1.72413793103448,2.20689655172414,2.68965517241379,3.17241379310345,3.6551724137931,4.13793103448276,4.62068965517241,5.10344827586207,5.58620689655172,6.06896551724138,6.55172413793104,7.03448275862069,7.51724137931035,8],"z":{},"contours":{"z":{"show":true,"usecolormap":true,"highlightcolor":"#ff0000","project":{"z":true}}},"alpha":1,"sizes":[10,100],"type":"surface"}},"layout":{"margin":{"b":40,"l":60,"t":25,"r":10},"scene":{"camera":{"eye":{"x":1.87,"y":0.88,"z":-0.64}},"zaxis":{"title":"uzAbs"}},"xaxis":{"domain":[0,1]},"yaxis":{"domain":[0,1]},"hovermode":"closest","showlegend":false,"legend":{"y":0.5,"yanchor":"top"}},"source":"A","config":{"modeBarButtonsToAdd":[{"name":"Collaborate","icon":{"width":1000,"ascent":500,"descent":-50,"path":"M487 375c7-10 9-23 5-36l-79-259c-3-12-11-23-22-31-11-8-22-12-35-12l-263 0c-15 0-29 5-43 15-13 10-23 23-28 37-5 13-5 25-1 37 0 0 0 3 1 7 1 5 1 8 1 11 0 2 0 4-1 6 0 3-1 5-1 6 1 2 2 4 3 6 1 2 2 4 4 6 2 3 4 5 5 7 5 7 9 16 13 26 4 10 7 19 9 26 0 2 0 5 0 9-1 4-1 6 0 8 0 2 2 5 4 8 3 3 5 5 5 7 4 6 8 15 12 26 4 11 7 19 7 26 1 1 0 4 0 9-1 4-1 7 0 8 1 2 3 5 6 8 4 4 6 6 6 7 4 5 8 13 13 24 4 11 7 20 7 28 1 1 0 4 0 7-1 3-1 6-1 7 0 2 1 4 3 6 1 1 3 4 5 6 2 3 3 5 5 6 1 2 3 5 4 9 2 3 3 7 5 10 1 3 2 6 4 10 2 4 4 7 6 9 2 3 4 5 7 7 3 2 7 3 11 3 3 0 8 0 13-1l0-1c7 2 12 2 14 2l218 0c14 0 25-5 32-16 8-10 10-23 6-37l-79-259c-7-22-13-37-20-43-7-7-19-10-37-10l-248 0c-5 0-9-2-11-5-2-3-2-7 0-12 4-13 18-20 41-20l264 0c5 0 10 2 16 5 5 3 8 6 10 11l85 282c2 5 2 10 2 17 7-3 13-7 17-13z m-304 0c-1-3-1-5 0-7 1-1 3-2 6-2l174 0c2 0 4 1 7 2 2 2 4 4 5 7l6 18c0 3 0 5-1 7-1 1-3 2-6 2l-173 0c-3 0-5-1-8-2-2-2-4-4-4-7z m-24-73c-1-3-1-5 0-7 2-2 3-2 6-2l174 0c2 0 5 0 7 2 3 2 4 4 5 7l6 18c1 2 0 5-1 6-1 2-3 3-5 3l-174 0c-3 0-5-1-7-3-3-1-4-4-5-6z"},"click":"function(gd) { \n        // is this being viewed in RStudio?\n        if (location.search == '?viewer_pane=1') {\n          alert('To learn about plotly for collaboration, visit:\\n https://cpsievert.github.io/plotly_book/plot-ly-for-collaboration.html');\n        } else {\n          window.open('https://cpsievert.github.io/plotly_book/plot-ly-for-collaboration.html', '_blank');\n        }\n      }"}],"cloud":false},"data":[{"colorbar":{"title":"uzAbs","ticklen":2,"len":0.5,"y":1,"lenmode":"fraction","yanchor":"top"},"colorscale":[["0","rgba(68,1,84,1)"],["0.194638747329574","rgba(66,66,133,1)"],["0.240981909184546","rgba(61,79,138,1)"],["0.273097121747953","rgba(58,88,139,1)"],["0.289236132586102","rgba(56,92,140,1)"],["0.314173272872175","rgba(52,99,141,1)"],["0.341512094042764","rgba(49,106,142,1)"],["0.370727472496093","rgba(47,113,142,1)"],["0.400982201492725","rgba(44,120,142,1)"],["0.431539829512108","rgba(40,127,142,1)"],["0.456778363617727","rgba(38,133,141,1)"],["0.486387095385071","rgba(37,140,140,1)"],["0.514968327326782","rgba(36,148,139,1)"],["0.546803662064312","rgba(32,156,137,1)"],["0.564231933295048","rgba(34,160,136,1)"],["0.597426788283131","rgba(42,167,131,1)"],["0.609349754388975","rgba(44,170,130,1)"],["0.639863031693364","rgba(49,177,125,1)"],["0.654510596205755","rgba(51,180,123,1)"],["0.675842990598223","rgba(60,185,119,1)"],["0.706731162353187","rgba(78,191,110,1)"],["0.74654521469536","rgba(97,199,99,1)"],["0.788895569820444","rgba(117,207,86,1)"],["0.863898273073624","rgba(166,218,57,1)"],["1","rgba(253,231,37,1)"]],"showscale":true,"x":[-6,-5.51724137931035,-5.03448275862069,-4.55172413793103,-4.06896551724138,-3.58620689655172,-3.10344827586207,-2.62068965517241,-2.13793103448276,-1.6551724137931,-1.17241379310345,-0.689655172413793,-0.206896551724138,0.275862068965518,0.758620689655173,1.24137931034483,1.72413793103448,2.20689655172414,2.68965517241379,3.17241379310345,3.6551724137931,4.13793103448276,4.62068965517241,5.10344827586207,5.58620689655172,6.06896551724138,6.55172413793104,7.03448275862069,7.51724137931035,8],"y":[-6,-5.51724137931035,-5.03448275862069,-4.55172413793103,-4.06896551724138,-3.58620689655172,-3.10344827586207,-2.62068965517241,-2.13793103448276,-1.6551724137931,-1.17241379310345,-0.689655172413793,-0.206896551724138,0.275862068965518,0.758620689655173,1.24137931034483,1.72413793103448,2.20689655172414,2.68965517241379,3.17241379310345,3.6551724137931,4.13793103448276,4.62068965517241,5.10344827586207,5.58620689655172,6.06896551724138,6.55172413793104,7.03448275862069,7.51724137931035,8],"z":[[0.0112892978555725,0.0107777917688625,0.0103024224094874,0.00986652947822775,0.0094702577056035,0.00911231522487422,0.00879084243778234,0.00850385391482348,0.00824998912166723,0.00802887735148291,0.00784105396390255,0.00768785161823842,0.00757088820933718,0.00749181595625726,0.0074519272925659,0.0074519272925659,0.00749181595625726,0.00757088820933718,0.00768785161823842,0.00784105396390255,0.00802887735148291,0.00824998912166723,0.00850385391482348,0.00879084243778234,0.00911231522487422,0.0094702577056035,0.00986652947822775,0.0103024224094874,0.0107777917688625,0.0112907829839414],[0.0107777917688625,0.0102659690973749,0.00979424047963492,0.00936270372047149,0.00896952843599577,0.00861179399781074,0.00828648301167422,0.00799160622060525,0.00772642892617801,0.00749181595625726,0.00728983708429126,0.0071233148381843,0.00699520547243099,0.00690818527574206,0.00686418285156124,0.00686418285156124,0.00690818527574206,0.00699520547243099,0.0071233148381843,0.00728983708429126,0.00749181595625726,0.00772642892617801,0.00799160622060525,0.00828653490427942,0.00861179399781074,0.00896952843599577,0.00936270372047149,0.00979424047963492,0.0102659690973749,0.0107777917688625],[0.0103024224094874,0.00979424047963492,0.00932689380104141,0.00889810461087354,0.00850390714964198,0.00813998301523676,0.00780308403433837,0.00749181595625726,0.00720716069826528,0.00695186188379597,0.0067300206525944,0.00654603933311514,0.00640409213994629,0.00630754288968686,0.00625867899352486,0.00625867899352486,0.00630754288968686,0.00640409213994629,0.00654603933311514,0.0067300206525944,0.00695186188379597,0.00720716069826528,0.0074918629463927,0.00780307107607678,0.00813998301523676,0.00850390714964198,0.00889810461087354,0.0093268938010414,0.00979424047963492,0.0103024224094874],[0.00986652947822775,0.00936270372047149,0.00889810461087354,0.0084678454926365,0.00806606798113745,0.00768789980679277,0.00733080178006949,0.00699528497610998,0.00668458076385553,0.00640409213994629,0.0061597939191282,0.0059574890538578,0.0058018758576471,0.00569638959933365,0.00564315101146186,0.00564315101146186,0.00569638959933365,0.0058018758576471,0.0059574890538578,0.00615980864394079,0.00640409213994629,0.00668465692479091,0.00699528497610998,0.00733080178006949,0.00768789980679277,0.00806606798113745,0.0084678454926365,0.00889810461087354,0.00936270372047149,0.00986652947822775],[0.0094702577056035,0.00896952843599577,0.00850390714964198,0.00806606798113745,0.00764912135046224,0.00724868681822035,0.0068642609326258,0.00649918005155394,0.00615987937136672,0.00585410393504977,0.00558959705844314,0.00537249947520474,0.00520711116879722,0.00509592794201772,0.00504012895953923,0.00504012895953923,0.00509592794201772,0.00520711116879722,0.00537249947520474,0.00558959705844314,0.00585417158898245,0.00615987937136672,0.00649918005155394,0.0068642609326258,0.00724868681822035,0.00764903302363908,0.00806606798113746,0.00850390714964198,0.00896952843599577,0.0094702577056035],[0.00911231522487422,0.00861179399781074,0.00813998301523676,0.00768789980679277,0.00724868681822035,0.00681967811818501,0.00640416536682234,0.00600870198048765,0.00564321656524088,0.00531764593076679,0.00504012895953923,0.00481617939850424,0.0046482832446787,0.00453689700880411,0.00448148003836187,0.00448148003836187,0.00453689700880411,0.0046482832446787,0.00481617939850424,0.00504012895953923,0.00531764593076679,0.00564321656524088,0.00600870198048765,0.00640416536682234,0.00681978014798992,0.00724868681822035,0.00768789980679277,0.00813998301523677,0.00861179399781074,0.00911231522487422],[0.00879084243778234,0.00828648301167422,0.00780307107607678,0.00733080178006949,0.0068642609326258,0.00640416536682234,0.00595736571555973,0.00553580489779555,0.00515165757559417,0.00481623659932372,0.00453695119969845,0.00431681648953035,0.00415541930741412,0.00405020520369141,0.00399844873705115,0.00399844873705115,0.00405020520369141,0.00415541930741412,0.00431681648953035,0.00453695119969845,0.00481623659932372,0.00515165757559417,0.00553570989809907,0.00595745664175609,0.00640416536682234,0.0068642609326258,0.00733080178006949,0.00780307107607678,0.00828653490427942,0.00879084243778234],[0.00850385391482348,0.00799160622060525,0.00749181595625726,0.00699528497610998,0.00649918005155394,0.00600870198048765,0.00553580489779555,0.00509589943831924,0.00470425716124317,0.00437145061785472,0.00410263765583798,0.00389681465008336,0.00374959397102459,0.00365520852308543,0.00360916452648831,0.00360916452648831,0.00365520852308543,0.00374959397102458,0.00389690008143547,0.00410263765324783,0.00437145061785472,0.00470414939034347,0.00509581947642699,0.00553562429889458,0.00600870198048765,0.00649918005155394,0.00699528497610998,0.00749186294639271,0.00799160622060525,0.00850385391482348],[0.00824998912166723,0.00772642892617801,0.00720716069826528,0.00668458076385553,0.00615987937136672,0.00564321656524088,0.00515165757559417,0.00470425716124317,0.00431672276603572,0.00399853680985928,0.00374967528795632,0.0035639406868228,0.0034319115380999,0.00334613783773626,0.00330332979226441,0.00330332979226441,0.00334613783773626,0.0034319115380999,0.0035639406868228,0.00374967528795632,0.00399842596037887,0.00431672276603572,0.00470407467603204,0.00515165757559417,0.00564321656524088,0.00615987937136672,0.00668465692479091,0.00720716069826528,0.00772642892617801,0.00824998912166723],[0.00802887735148291,0.00749181595625726,0.00695186188379597,0.00640409213994629,0.00585410393504977,0.00531764593076679,0.00481623659932372,0.00437145061785472,0.00399853680985928,0.00370199613771127,0.0034753910551854,0.00330345880976886,0.00317073956250593,0.00307231448932825,0.00301692589103893,0.00301692588674162,0.00307231448932825,0.00317085804979613,0.00330345880976886,0.00347524668051207,0.00370193789945059,0.00399836206458931,0.00437145061785472,0.00481623659932372,0.00531764593076679,0.00585417158898245,0.00640409213994629,0.00695186188379597,0.00749181595625726,0.00802887735148291],[0.00784105396390255,0.00728983708429126,0.0067300206525944,0.0061597939191282,0.00558959705844314,0.00504012895953923,0.00453695119969845,0.00410263765583798,0.00374967528795632,0.0034753910551854,0.00326008649246354,0.00307242553761864,0.00288484246442307,0.00270415554544074,0.00258424596435741,0.00258424596435741,0.00270424637839699,0.00288484246442307,0.00307229943773917,0.00326013382744201,0.00347529974454924,0.00374967528795632,0.00410263765324783,0.00453695119969845,0.00504012895953923,0.00558959705844314,0.0061597939191282,0.0067300206525944,0.00728983708429126,0.00784105396390255],[0.00768785161823842,0.0071233148381843,0.00654603933311514,0.0059574890538578,0.00537249947520474,0.00481617939850424,0.00431681648953035,0.00389681465008336,0.0035639406868228,0.00330345880976886,0.00307242553761864,0.00280240864829413,0.00243531520579862,0.00200636300558324,0.00169566586286693,0.00169566586286693,0.00200650503082464,0.00243519018761968,0.00280240864829413,0.00307225721309077,0.00330345880976886,0.00356394069000604,0.0038969000842336,0.00431681648953035,0.00481617939850424,0.00537249947520474,0.0059574890538578,0.00654603933311514,0.0071233148381843,0.00768785161823842],[0.00757088820933718,0.00699520547243099,0.00640409213994629,0.0058018758576471,0.00520711116879722,0.0046482832446787,0.00415541930741412,0.00374959397102459,0.0034319115380999,0.00317073956250593,0.00288484246442307,0.00243531520579862,0.00169579960535332,0.000782963352128028,0.000295018726548621,0.00294479899023832,0.000782915957064425,0.00169557046638455,0.00243522182579621,0.00288484246442307,0.00317085805289902,0.0034319115380999,0.00374959397102458,0.00415541930741412,0.0046482832446787,0.00520711116879722,0.0058018758576471,0.00640409213994629,0.00699520547243099,0.00757088820933718],[0.00749181595625726,0.00690818527574206,0.00630754288968686,0.00569638959933365,0.00509592794201772,0.00453689700880411,0.00405020520369141,0.00365520852308543,0.00334613783773626,0.00307231448932825,0.00270415554544074,0.00200636300558324,0.000782963352128028,0.000848985370265509,null,null,0.000849027012082464,0.000782938125827552,0.00618591577992563,0.00270424637839699,0.00307231448932825,0.00334613783773626,0.00365520852308543,0.00405020520369141,0.00453689700880411,0.00509592794201772,0.00569638959933365,0.00630754288968686,0.00690818527574206,0.00749181595625726],[0.0074519272925659,0.00686418285156124,0.00625867899352486,0.00564315101146186,0.00504012895953923,0.00448148003836187,0.00399844873705115,0.00360916452648831,0.00330332979226441,0.00301692589103893,0.00258424596435741,0.00169566586286693,0.000295018726548621,null,null,null,null,0.00294479899023832,0.00169566586286693,0.00258424596435741,0.00301692589103893,0.00330332979226441,0.00360916452648831,0.00399844873705115,0.00448148003836187,0.00504012895953923,0.00564315101146186,0.00625867899352486,0.00686418285156124,0.0074519272925659],[0.0074519272925659,0.00686418285156124,0.00625867899352486,0.00564315101146186,0.00504012895953923,0.00448148003836187,0.00399844873705115,0.00360916452648831,0.00330332979226441,0.00301692589103893,0.00258424596435741,0.00169566586286693,0.00294479899023832,null,null,null,null,0.000295018726548621,0.00169566586286693,0.00258424596435741,0.00301692589103893,0.00330332979226441,0.00360916452648831,0.00399844873705115,0.00448148003836187,0.00504012895953923,0.00564315101146186,0.00625867899352486,0.00686418285156124,0.0074519272925659],[0.00749181595625726,0.00690818527574206,0.00630754288968686,0.00569638959933365,0.00509592794201772,0.00453689700880411,0.00405020520369141,0.00365520852308543,0.00334613783773626,0.00307231448932825,0.00270424637839699,0.00200650503082464,0.000782938125827551,0.000849027012082464,null,null,0.000848985370265504,0.000782963352128033,0.00200636300558324,0.00270415554544074,0.00307231448932825,0.00334613783773626,0.00365520852308543,0.00405020520369141,0.00453689700880411,0.00509592794201772,0.00569638959933365,0.00630754288968686,0.00690818527574206,0.00749181595625726],[0.00757088820933718,0.00699520547243099,0.00640409213994629,0.0058018758576471,0.00520711116879722,0.0046482832446787,0.00415541930741412,0.00374959397102458,0.0034319115380999,0.00317085804979613,0.00288484246442307,0.00243522182579621,0.00169565652834536,0.000782938125827552,0.00294479899023832,0.000295018726548621,0.000782963352128033,0.00169579960535333,0.00243531520579862,0.00288484246442307,0.00317073956250592,0.00343191153809991,0.00374959397102459,0.00415541930741412,0.0046482832446787,0.00520711116879722,0.0058018758576471,0.00640409213994629,0.00699520547243099,0.00757088820933718],[0.00768785161823842,0.0071233148381843,0.00654603933311514,0.0059574890538578,0.00537249947520474,0.00481617939850424,0.00431681648953035,0.0038969000842336,0.0035639406868228,0.00330345880976886,0.00307229943773917,0.00280240864829413,0.00243519018761968,0.00200650503082464,0.00169566586286693,0.00169566586286693,0.00200636300558324,0.00243531520579862,0.00280244513546896,0.00307242553761864,0.00330345880976886,0.0035639406868228,0.00389681465008336,0.00431681648953035,0.00481617939850424,0.00537249947520474,0.0059574890538578,0.00654603933311514,0.0071233148381843,0.00768785161823842],[0.00784105396390255,0.00728983708429126,0.0067300206525944,0.0061597939191282,0.00558959705844314,0.00504012895953923,0.00453695119969845,0.00410263765583798,0.00374967528795632,0.00347524668051207,0.00326008649246354,0.00307229943773917,0.00288484246442307,0.00270424637839699,0.00258424596435741,0.00258426353390511,0.00270415554544074,0.00288484246442307,0.00307242553761864,0.00326008649246354,0.0034753910551854,0.00374967528795632,0.00410263765583798,0.00453695119969845,0.00504012895953923,0.00558959705844314,0.0061597939191282,0.0067300206525944,0.00728983708429126,0.00784105396390255],[0.00802887735148291,0.00749181595625726,0.00695186188379597,0.00640409213994629,0.00585417158898245,0.00531764593076679,0.00481623659932372,0.00437145061785472,0.00399842596037887,0.00370199613771127,0.00347529974454924,0.00330345880976886,0.00317085804979613,0.00307231448932825,0.00301692589103893,0.00301692589103893,0.00307231448932825,0.00317073956250592,0.00330345880976886,0.0034753910551854,0.00370193789945059,0.00399853680985928,0.00437145061785472,0.00481623659932372,0.00531764593076679,0.00585410393504977,0.00640409213994629,0.00695186188379597,0.00749181595625726,0.00802887735148291],[0.00824998912166723,0.00772642892617801,0.00720716069826528,0.00668465692479091,0.00615987937136672,0.00564321656524088,0.00515165757559417,0.00470414939034347,0.00431679185991198,0.00399836206458931,0.00374967528795632,0.0035639406868228,0.0034319115380999,0.00334613783773626,0.00330332979226441,0.00330332979226441,0.00334613783773626,0.00343191153809991,0.0035639406868228,0.00374967528795632,0.00399853680985928,0.00431672276603572,0.00470425716124317,0.00515165757559417,0.00564321656524088,0.00615987937136672,0.00668458076385553,0.00720716069826528,0.00772642892617801,0.00824998912166723],[0.00850385391482348,0.00799160622060525,0.0074918629463927,0.00699528497610998,0.00649918005155394,0.00600870198048765,0.00553570989809907,0.00509589943831924,0.00470414939034347,0.00437145061785472,0.00410263765583798,0.0038969000842336,0.00374959397102458,0.00365520852308543,0.00360916452648831,0.00360916452648831,0.00365520852308543,0.00374959397102459,0.00389681465008336,0.00410263765583798,0.00437145061785472,0.00470425716124317,0.00509581947642699,0.00553580489779555,0.00600870198048765,0.00649918005155394,0.00699528497610998,0.00749181595625726,0.00799160622060525,0.00850385391482348],[0.00879084243778234,0.00828653490427942,0.00780307107607678,0.00733080178006949,0.0068642609326258,0.00640416536682234,0.00595745664175609,0.00553562429889458,0.00515165757559417,0.00481623659932372,0.00453695119969845,0.00431681648953035,0.00415541930741412,0.00405020520369141,0.00399844873705115,0.00399844873705115,0.00405020520369141,0.00415541930741412,0.00431681648953035,0.00453695119969845,0.00481623659932372,0.00515165757559417,0.00553580489779555,0.00595745664175609,0.00640416536682234,0.0068642609326258,0.00733080178006949,0.00780307107607678,0.00828648301167422,0.00879084243778234],[0.00911231522487422,0.00861179399781074,0.00813998301523676,0.00768789980679277,0.00724868681822035,0.00681967811818501,0.00640416536682234,0.00600870198048765,0.00564321656524088,0.00531764593076679,0.00504012895953923,0.00481617939850424,0.0046482832446787,0.00453689700880411,0.00448148003836187,0.00448148003836187,0.00453689700880411,0.0046482832446787,0.00481617939850424,0.00504012895953923,0.00531764593076679,0.00564321656524088,0.00600870198048765,0.00640416536682234,0.00681967811818501,0.00724868681822035,0.00768789980679277,0.00813998301523677,0.00861179399781074,0.00911231522487422],[0.0094702577056035,0.00896952843599577,0.00850390714964198,0.00806606798113745,0.00764903302363908,0.00724868681822035,0.0068642609326258,0.00649918005155394,0.00615987937136672,0.00585417158898245,0.00558959705844314,0.00537249947520474,0.00520711116879722,0.00509592794201772,0.00504012895953923,0.00504012895953923,0.00509592794201772,0.00520711116879722,0.00537249947520474,0.00558959705844314,0.00585410393504977,0.00615987937136672,0.00649918005155394,0.0068642609326258,0.00724868681822035,0.00764912135046224,0.00806606798113746,0.00850390714964198,0.00896952843599577,0.0094702577056035],[0.00986652947822775,0.00936270372047149,0.00889810461087354,0.0084678454926365,0.00806606798113746,0.00768789980679277,0.00733080178006949,0.00699528497610998,0.00668465692479091,0.00640409213994629,0.00615980864394079,0.0059574890538578,0.0058018758576471,0.00569638959933365,0.00564315101146186,0.00564316520584246,0.00569638959933365,0.0058018758576471,0.0059574890538578,0.0061597939191282,0.00640409213994629,0.00668458076385553,0.00699528497610998,0.00733080178006949,0.00768789980679277,0.00806606798113746,0.0084678454926365,0.00889810461087354,0.00936270372047149,0.00986652947822775],[0.0103024224094874,0.00979424047963492,0.0093268938010414,0.00889810461087354,0.00850390714964198,0.00813998301523677,0.00780307107607678,0.00749186294639271,0.00720716069826528,0.00695186188379597,0.0067300206525944,0.00654603933311514,0.00640409213994629,0.00630754288968686,0.00625867899352486,0.00625867899352486,0.00630754288968686,0.00640409213994629,0.00654603933311514,0.0067300206525944,0.00695186188379597,0.00720716069826528,0.00749181595625726,0.00780307107607678,0.00813998301523677,0.00850390714964198,0.00889810461087354,0.0093268938010414,0.00979424047963492,0.0103024224094874],[0.0107777917688625,0.0102659690973749,0.00979424047963492,0.00936270372047149,0.00896952843599577,0.00861179399781074,0.00828653490427942,0.00799160622060525,0.00772642892617801,0.00749181595625726,0.00728983708429126,0.0071233148381843,0.00699520547243099,0.00690818527574206,0.00686418285156124,0.00686418285156124,0.00690818527574206,0.00699520547243099,0.0071233148381843,0.00728983708429126,0.00749181595625726,0.00772642892617801,0.00799160622060525,0.00828648301167422,0.00861179399781074,0.00896952843599577,0.00936270372047149,0.00979424047963492,0.0102659690973749,0.0107777917688625],[0.0112907829839414,0.0107777917688625,0.0103024224094874,0.00986652947822775,0.0094702577056035,0.00911231522487422,0.00879084243778234,0.00850385391482348,0.00824998912166723,0.00802887735148291,0.00784105396390255,0.00768785161823842,0.00757088820933718,0.00749181595625726,0.0074519272925659,0.0074519272925659,0.00749181595625726,0.00757088820933718,0.00768785161823842,0.00784105396390255,0.00802887735148291,0.00824998912166723,0.00850385391482348,0.00879084243778234,0.00911231522487422,0.0094702577056035,0.00986652947822775,0.0103024224094874,0.0107777843239048,0.0112907829839414]],"contours":{"z":{"show":true,"usecolormap":true,"highlightcolor":"#ff0000","project":{"z":true}}},"type":"surface","frame":null}],"highlight":{"on":"plotly_click","persistent":false,"dynamic":false,"selectize":false,"opacityDim":0.2,"selected":{"opacity":1}},"base_url":"https://plot.ly"},"evals":["config.modeBarButtonsToAdd.0.click"],"jsHooks":{"render":[{"code":"function(el, x) { var ctConfig = crosstalk.var('plotlyCrosstalkOpts').set({\"on\":\"plotly_click\",\"persistent\":false,\"dynamic\":false,\"selectize\":false,\"opacityDim\":0.2,\"selected\":{\"opacity\":1}}); }","data":null}]}}</script>
<script type="application/htmlwidget-sizing" data-for="1154685e4727">{"viewer":{"width":"100%","height":400,"padding":15,"fill":true},"browser":{"width":"100%","height":400,"padding":40,"fill":true}}</script>
</body>
</html>
