<!DOCTYPE html>
<html>
<head>
<meta charset="utf-8"/>
<script src="uzIm_files/htmlwidgets-0.9/htmlwidgets.js"></script>
<script src="uzIm_files/plotly-binding-4.7.1/plotly.js"></script>
<script src="uzIm_files/typedarray-0.1/typedarray.min.js"></script>
<script src="uzIm_files/jquery-1.11.3/jquery.min.js"></script>
<link href="uzIm_files/crosstalk-1.0.0/css/crosstalk.css" rel="stylesheet" />
<script src="uzIm_files/crosstalk-1.0.0/js/crosstalk.min.js"></script>
<link href="uzIm_files/plotlyjs-1.29.2/plotly-htmlwidgets.css" rel="stylesheet" />
<script src="uzIm_files/plotlyjs-1.29.2/plotly-latest.min.js"></script>

</head>
<body style="background-color:white;">
<div id="htmlwidget_container">
  <div id="115449dd153a" style="width:100%;height:400px;" class="plotly html-widget"></div>
</div>
<script type="application/json" data-for="115449dd153a">{"x":{"visdat":{"115448777aff":["function () ","plotlyVisDat"]},"cur_data":"115448777aff","attrs":{"115448777aff":{"x":[-6,-5.51724137931035,-5.03448275862069,-4.55172413793103,-4.06896551724138,-3.58620689655172,-3.10344827586207,-2.62068965517241,-2.13793103448276,-1.6551724137931,-1.17241379310345,-0.689655172413793,-0.206896551724138,0.275862068965518,0.758620689655173,1.24137931034483,1.72413793103448,2.20689655172414,2.68965517241379,3.17241379310345,3.6551724137931,4.13793103448276,4.62068965517241,5.10344827586207,5.58620689655172,6.06896551724138,6.55172413793104,7.03448275862069,7.51724137931035,8],"y":[-6,-5.51724137931035,-5.03448275862069,-4.55172413793103,-4.06896551724138,-3.58620689655172,-3.10344827586207,-2.62068965517241,-2.13793103448276,-1.6551724137931,-1.17241379310345,-0.689655172413793,-0.206896551724138,0.275862068965518,0.758620689655173,1.24137931034483,1.72413793103448,2.20689655172414,2.68965517241379,3.17241379310345,3.6551724137931,4.13793103448276,4.62068965517241,5.10344827586207,5.58620689655172,6.06896551724138,6.55172413793104,7.03448275862069,7.51724137931035,8],"z":{},"contours":{"z":{"show":true,"usecolormap":true,"highlightcolor":"#ff0000","project":{"z":true}}},"alpha":1,"sizes":[10,100],"type":"surface"}},"layout":{"margin":{"b":40,"l":60,"t":25,"r":10},"scene":{"camera":{"eye":{"x":1.87,"y":0.88,"z":-0.64}},"zaxis":{"title":"uzIm"}},"xaxis":{"domain":[0,1]},"yaxis":{"domain":[0,1]},"hovermode":"closest","showlegend":false,"legend":{"y":0.5,"yanchor":"top"}},"source":"A","config":{"modeBarButtonsToAdd":[{"name":"Collaborate","icon":{"width":1000,"ascent":500,"descent":-50,"path":"M487 375c7-10 9-23 5-36l-79-259c-3-12-11-23-22-31-11-8-22-12-35-12l-263 0c-15 0-29 5-43 15-13 10-23 23-28 37-5 13-5 25-1 37 0 0 0 3 1 7 1 5 1 8 1 11 0 2 0 4-1 6 0 3-1 5-1 6 1 2 2 4 3 6 1 2 2 4 4 6 2 3 4 5 5 7 5 7 9 16 13 26 4 10 7 19 9 26 0 2 0 5 0 9-1 4-1 6 0 8 0 2 2 5 4 8 3 3 5 5 5 7 4 6 8 15 12 26 4 11 7 19 7 26 1 1 0 4 0 9-1 4-1 7 0 8 1 2 3 5 6 8 4 4 6 6 6 7 4 5 8 13 13 24 4 11 7 20 7 28 1 1 0 4 0 7-1 3-1 6-1 7 0 2 1 4 3 6 1 1 3 4 5 6 2 3 3 5 5 6 1 2 3 5 4 9 2 3 3 7 5 10 1 3 2 6 4 10 2 4 4 7 6 9 2 3 4 5 7 7 3 2 7 3 11 3 3 0 8 0 13-1l0-1c7 2 12 2 14 2l218 0c14 0 25-5 32-16 8-10 10-23 6-37l-79-259c-7-22-13-37-20-43-7-7-19-10-37-10l-248 0c-5 0-9-2-11-5-2-3-2-7 0-12 4-13 18-20 41-20l264 0c5 0 10 2 16 5 5 3 8 6 10 11l85 282c2 5 2 10 2 17 7-3 13-7 17-13z m-304 0c-1-3-1-5 0-7 1-1 3-2 6-2l174 0c2 0 4 1 7 2 2 2 4 4 5 7l6 18c0 3 0 5-1 7-1 1-3 2-6 2l-173 0c-3 0-5-1-8-2-2-2-4-4-4-7z m-24-73c-1-3-1-5 0-7 2-2 3-2 6-2l174 0c2 0 5 0 7 2 3 2 4 4 5 7l6 18c1 2 0 5-1 6-1 2-3 3-5 3l-174 0c-3 0-5-1-7-3-3-1-4-4-5-6z"},"click":"function(gd) { \n        // is this being viewed in RStudio?\n        if (location.search == '?viewer_pane=1') {\n          alert('To learn about plotly for collaboration, visit:\\n https://cpsievert.github.io/plotly_book/plot-ly-for-collaboration.html');\n        } else {\n          window.open('https://cpsievert.github.io/plotly_book/plot-ly-for-collaboration.html', '_blank');\n        }\n      }"}],"cloud":false},"data":[{"colorbar":{"title":"uzIm","ticklen":2,"len":0.5,"y":1,"lenmode":"fraction","yanchor":"top"},"colorscale":[["0","rgba(68,1,84,1)"],["0.13617931743363","rgba(71,48,124,1)"],["0.208367320522581","rgba(64,70,135,1)"],["0.248069862580506","rgba(60,81,138,1)"],["0.284743201100229","rgba(56,91,140,1)"],["0.312832311856468","rgba(53,99,141,1)"],["0.332097508078824","rgba(49,104,142,1)"],["0.34527593524953","rgba(48,107,142,1)"],["0.372643027274448","rgba(47,113,142,1)"],["0.383305688070212","rgba(46,116,142,1)"],["0.412965210538642","rgba(43,123,142,1)"],["0.428504763835179","rgba(41,126,142,1)"],["0.45684645718562","rgba(38,133,141,1)"],["0.482205813692809","rgba(37,139,140,1)"],["0.508319904486477","rgba(36,146,139,1)"],["0.530380699925487","rgba(34,152,138,1)"],["0.556715016277758","rgba(31,158,137,1)"],["0.582139782925549","rgba(38,164,133,1)"],["0.605644627359768","rgba(43,169,130,1)"],["0.626040623587813","rgba(47,174,127,1)"],["0.642285471077336","rgba(50,177,125,1)"],["0.651083972407131","rgba(51,179,123,1)"],["0.671143241545665","rgba(56,184,120,1)"],["0.702676336891621","rgba(76,190,111,1)"],["1","rgba(253,231,37,1)"]],"showscale":true,"x":[-6,-5.51724137931035,-5.03448275862069,-4.55172413793103,-4.06896551724138,-3.58620689655172,-3.10344827586207,-2.62068965517241,-2.13793103448276,-1.6551724137931,-1.17241379310345,-0.689655172413793,-0.206896551724138,0.275862068965518,0.758620689655173,1.24137931034483,1.72413793103448,2.20689655172414,2.68965517241379,3.17241379310345,3.6551724137931,4.13793103448276,4.62068965517241,5.10344827586207,5.58620689655172,6.06896551724138,6.55172413793104,7.03448275862069,7.51724137931035,8],"y":[-6,-5.51724137931035,-5.03448275862069,-4.55172413793103,-4.06896551724138,-3.58620689655172,-3.10344827586207,-2.62068965517241,-2.13793103448276,-1.6551724137931,-1.17241379310345,-0.689655172413793,-0.206896551724138,0.275862068965518,0.758620689655173,1.24137931034483,1.72413793103448,2.20689655172414,2.68965517241379,3.17241379310345,3.6551724137931,4.13793103448276,4.62068965517241,5.10344827586207,5.58620689655172,6.06896551724138,6.55172413793104,7.03448275862069,7.51724137931035,8],"z":[[-0.00560859545522073,-0.00530988564258803,-0.00503597854308008,-0.00478828006795028,-0.00456632074329728,-0.00436873169703119,-0.00419371308358654,-0.00403942543624501,-0.00390439554556383,-0.00378778947264536,-0.00368937199797535,-0.00360946973836589,-0.00354865654763168,-0.00350762530016351,-0.00348694918807925,-0.00348694918807925,-0.00350762530016351,-0.00354865654763168,-0.00360946973836589,-0.00368937199797535,-0.00378778947264536,-0.00390439554556383,-0.00403942543624501,-0.00419371308358654,-0.00436873169703119,-0.00456632074329728,-0.00478828006795028,-0.00503597854308008,-0.00530988564258803,-0.00560939321912219],[-0.00530988564258803,-0.00501513102687881,-0.00474755075732125,-0.00450664841911535,-0.0042906922015057,-0.00409722941336038,-0.00392372727135748,-0.00376821691450858,-0.00362956122361627,-0.00350762530016351,-0.00340306643793962,-0.00331707971567863,-0.00325102714733621,-0.00320620454868275,-0.00318355408250192,-0.00318355408250192,-0.00320620454868275,-0.00325102714733621,-0.00331707971567863,-0.00340306643793962,-0.00350762530016351,-0.00362956122361627,-0.00376821691450858,-0.00392374184852391,-0.00409722941336038,-0.0042906922015057,-0.00450664841911535,-0.00474755075732125,-0.00501513102687881,-0.00530988564258803],[-0.00503597854308008,-0.00474755075732125,-0.00448683663089788,-0.00425183610979298,-0.00403944088566833,-0.00384626080764503,-0.00366952969012899,-0.00350762530016351,-0.00336035393704112,-0.00322869761219937,-0.00311452424790021,-0.0030199508969251,-0.00294705089250924,-0.00289750122614661,-0.00287243344654727,-0.00287243344654728,-0.00289750122614661,-0.00294705089250924,-0.0030199508969251,-0.00311452424790021,-0.00322869761219937,-0.00336035393704112,-0.00350763695161773,-0.00366952042229867,-0.00384626080764503,-0.00403944088566833,-0.00425183610979298,-0.00448683663089788,-0.00474755075732125,-0.00503597854308008],[-0.00478828006795028,-0.00450664841911535,-0.00425183610979298,-0.0040201802079378,-0.00380732968963722,-0.00360948206796192,-0.00342423421227737,-0.00325103520961249,-0.00309115722989393,-0.00294705089250924,-0.00282173015097777,-0.00271813423247185,-0.00263859389180216,-0.00258476932742582,-0.00255763826457941,-0.00255763826457941,-0.00258476932742582,-0.00263859389180216,-0.00271813423247185,-0.00282174071324339,-0.00294705089250924,-0.00309116401925345,-0.00325103520961249,-0.00342423421227737,-0.00360948206796192,-0.00380732968963722,-0.0040201802079378,-0.00425183610979298,-0.00450664841911535,-0.00478828006795028],[-0.00456632074329728,-0.0042906922015057,-0.00403944088566833,-0.00380732968963722,-0.00358930308862168,-0.00338178906372689,-0.00318356159129114,-0.00299584690095807,-0.00282174563843908,-0.00266527297829407,-0.00253037225187761,-0.00242015546969169,-0.0023366144217533,-0.00228071588266192,-0.00225275568612628,-0.00225275568612628,-0.00228071588266192,-0.0023366144217533,-0.00242015546969169,-0.00253037225187761,-0.0026652769613591,-0.00282174563843908,-0.00299584690095807,-0.00318356159129114,-0.00338178906372689,-0.00358927483989589,-0.00380732968963722,-0.00403944088566833,-0.0042906922015057,-0.00456632074329728],[-0.00436873169703119,-0.00409722941336038,-0.00384626080764503,-0.00360948206796192,-0.00338178906372689,-0.00316066897303579,-0.00294705664374344,-0.00274431071697811,-0.00255764165067803,-0.00239237255753342,-0.00225275568612628,-0.00214129799565031,-0.0020587342163534,-0.0020045619358282,-0.0019778216918362,-0.0019778216918362,-0.0020045619358282,-0.0020587342163534,-0.00214129799565031,-0.00225275568612628,-0.00239237255753342,-0.00255764165067803,-0.00274431071697811,-0.00294705664374344,-0.00316070648716786,-0.00338178906372689,-0.00360948206796193,-0.00384626080764503,-0.00409722941336038,-0.00436873169703119],[-0.00419371308358654,-0.00392372727135748,-0.00366952042229867,-0.00342423421227737,-0.00318356159129114,-0.00294705664374344,-0.00271809227281053,-0.00250298357988259,-0.00230867689206271,-0.00214129938458415,-0.00200456275212311,-0.0018993545106107,-0.00182421343339382,-0.00177643042817085,-0.00175334646482058,-0.00175334646482058,-0.00177643042817085,-0.00182421343339382,-0.0018993545106107,-0.00200456275212311,-0.00214129938458415,-0.00230867689206271,-0.00250297048081822,-0.00271812320774945,-0.00294705664374344,-0.00318356159129114,-0.00342423421227737,-0.00366952042229867,-0.00392374184852391,-0.00419371308358654],[-0.00403942543624501,-0.00376821691450858,-0.00350762530016351,-0.00325103520961249,-0.00299584690095807,-0.00274431071697811,-0.00250298357988259,-0.00228070689453995,-0.00208612780306691,-0.00192518629927667,-0.00180006111953677,-0.00170895835261933,-0.00164735702377099,-0.00160995891181233,-0.00159242611461138,-0.00159242611461138,-0.00160995891181233,-0.00164735702377099,-0.00170895110063655,-0.00180006111764104,-0.00192518629927667,-0.00208610042675326,-0.0022806816735605,-0.00250294241594412,-0.00274431071697811,-0.00299584690095807,-0.0032510352096125,-0.00350763695161773,-0.00376821691450858,-0.00403942543624501],[-0.00390439554556383,-0.00362956122361627,-0.00336035393704112,-0.00309115722989393,-0.00282174563843908,-0.00255764165067803,-0.00230867689206271,-0.00208612780306691,-0.00189932700676626,-0.00175333934601752,-0.00164734962551058,-0.00157567669691889,-0.00153010157599721,-0.00150315258462554,-0.00149043124600916,-0.00149043124600916,-0.00150315258462554,-0.00153010157599721,-0.00157567669691889,-0.00164734962551058,-0.00175333999568361,-0.00189932700676627,-0.00208607767953812,-0.00230867689206271,-0.00255764165067803,-0.00282174563843908,-0.00309116401925345,-0.00336035393704112,-0.00362956122361627,-0.00390439554556383],[-0.00378778947264536,-0.00350762530016351,-0.00322869761219937,-0.00294705089250924,-0.00266527297829407,-0.00239237255753342,-0.00214129938458415,-0.00192518629927667,-0.00175333934601752,-0.00162826890713686,-0.00154454033247109,-0.0014904103601201,-0.00145284714447004,-0.00142448530276996,-0.00140741721742759,-0.00140741721431275,-0.00142448530276996,-0.00145282706673328,-0.0014904103601201,-0.00154452859236135,-0.00162825289994297,-0.00175332184233766,-0.00192518629927667,-0.00214129938458415,-0.00239237255753342,-0.0026652769613591,-0.00294705089250924,-0.00322869761219937,-0.00350762530016351,-0.00378778947264536],[-0.00368937199797535,-0.00340306643793962,-0.00311452424790021,-0.00282173015097777,-0.00253037225187761,-0.00225275568612628,-0.00200456275212311,-0.00180006111953677,-0.00164734962551058,-0.00154454033247109,-0.00147797094398963,-0.00142446590296765,-0.00136190722480676,-0.00128878185567402,-0.00123450755284738,-0.00123450755284738,-0.00128876476999733,-0.00136190722480676,-0.00142448147403399,-0.00147798325369855,-0.00154454277779022,-0.00164734962551058,-0.00180006111764104,-0.00200456275212311,-0.00225275568612628,-0.00253037225187761,-0.00282173015097777,-0.00311452424790021,-0.00340306643793962,-0.00368937199797535],[-0.00360946973836589,-0.00331707971567863,-0.0030199508969251,-0.00271813423247185,-0.00242015546969169,-0.00214129799565031,-0.0018993545106107,-0.00170895835261933,-0.00157567669691889,-0.0014904103601201,-0.00142446590296765,-0.0013300429601594,-0.00116234270184308,-0.000935675907808543,-0.000760252767931259,-0.000760252767931259,-0.000935644704067278,-0.0011623480484278,-0.0013300429601594,-0.0014244707294935,-0.0014904103601201,-0.00157567669924569,-0.00170895110268467,-0.0018993545106107,-0.00214129799565031,-0.00242015546969169,-0.00271813423247185,-0.0030199508969251,-0.00331707971567863,-0.00360946973836589],[-0.00354865654763168,-0.00325102714733621,-0.00294705089250924,-0.00263859389180216,-0.0023366144217533,-0.0020587342163534,-0.00182421343339382,-0.00164735702377099,-0.00153010157599721,-0.00145284714447004,-0.00136190722480676,-0.00116234270184308,-0.000760223520437393,-0.000207749879011457,0.000206476788546819,-0.00127212736266631,-0.00020774402502358,-0.00076023007996272,-0.00116235578125757,-0.00136190722480676,-0.00145282706898822,-0.00153010157599721,-0.00164735702377099,-0.00182421343339382,-0.0020587342163534,-0.0023366144217533,-0.00263859389180216,-0.00294705089250924,-0.00325102714733621,-0.00354865654763168],[-0.00350762530016351,-0.00320620454868275,-0.00289750122614661,-0.00258476932742582,-0.00228071588266192,-0.0020045619358282,-0.00177643042817085,-0.00160995891181233,-0.00150315258462554,-0.00142448530276996,-0.00128878185567402,-0.000935675907808543,-0.000207749879011457,0.000719325977108437,null,null,0.000719339205469209,-0.000207749085408764,-0.00313139931956886,-0.00128876476999733,-0.00142448530276996,-0.00150315258462554,-0.00160995891181233,-0.00177643042817085,-0.0020045619358282,-0.00228071588266192,-0.00258476932742582,-0.00289750122614661,-0.00320620454868275,-0.00350762530016351],[-0.00348694918807925,-0.00318355408250192,-0.00287243344654727,-0.00255763826457941,-0.00225275568612628,-0.0019778216918362,-0.00175334646482058,-0.00159242611461138,-0.00149043124600916,-0.00140741721742759,-0.00123450755284738,-0.000760252767931259,0.000206476788546819,null,null,null,null,-0.00127212736266631,-0.00076025276793126,-0.00123450755284738,-0.00140741721742759,-0.00149043124600916,-0.00159242611461138,-0.00175334646482058,-0.0019778216918362,-0.00225275568612628,-0.00255763826457941,-0.00287243344654728,-0.00318355408250192,-0.00348694918807925],[-0.00348694918807925,-0.00318355408250192,-0.00287243344654728,-0.00255763826457941,-0.00225275568612628,-0.0019778216918362,-0.00175334646482058,-0.00159242611461138,-0.00149043124600916,-0.00140741721742759,-0.00123450755284738,-0.000760252767931259,-0.00127212736266631,null,null,null,null,0.000206476788546817,-0.00076025276793126,-0.00123450755284738,-0.00140741721742759,-0.00149043124600916,-0.00159242611461138,-0.00175334646482058,-0.0019778216918362,-0.00225275568612628,-0.00255763826457941,-0.00287243344654728,-0.00318355408250192,-0.00348694918807925],[-0.00350762530016351,-0.00320620454868275,-0.00289750122614661,-0.00258476932742582,-0.00228071588266192,-0.0020045619358282,-0.00177643042817085,-0.00160995891181233,-0.00150315258462554,-0.00142448530276996,-0.00128876476999733,-0.000935644704067278,-0.000207749085408764,0.000719339205469209,null,null,0.000719325977108434,-0.00020774987901146,-0.000935675907808544,-0.00128878185567402,-0.00142448530276996,-0.00150315258462554,-0.00160995891181233,-0.00177643042817085,-0.0020045619358282,-0.00228071588266192,-0.00258476932742582,-0.00289750122614661,-0.00320620454868275,-0.00350762530016351],[-0.00354865654763168,-0.00325102714733621,-0.00294705089250924,-0.00263859389180216,-0.0023366144217533,-0.0020587342163534,-0.00182421343339382,-0.00164735702377099,-0.00153010157599721,-0.00145282706673328,-0.00136190722480676,-0.00116235578125757,-0.000760250549930667,-0.000207749085408764,-0.00127212736266631,0.000206476788546817,-0.00020774987901146,-0.000760223520437395,-0.00116234270184308,-0.00136190722480676,-0.00145284714447004,-0.00153010157599721,-0.00164735702377099,-0.00182421343339382,-0.0020587342163534,-0.0023366144217533,-0.00263859389180216,-0.00294705089250924,-0.00325102714733621,-0.00354865654763168],[-0.00360946973836589,-0.00331707971567863,-0.0030199508969251,-0.00271813423247185,-0.00242015546969169,-0.00214129799565031,-0.0018993545106107,-0.00170895110268467,-0.00157567669691889,-0.0014904103601201,-0.00142448147403399,-0.0013300429601594,-0.0011623480484278,-0.000935644704067278,-0.00076025276793126,-0.00076025276793126,-0.000935675907808544,-0.00116234270184308,-0.00133005204342368,-0.00142446590296765,-0.0014904103601201,-0.00157567669691889,-0.00170895835261933,-0.0018993545106107,-0.00214129799565031,-0.00242015546969169,-0.00271813423247185,-0.0030199508969251,-0.00331707971567863,-0.00360946973836589],[-0.00368937199797535,-0.00340306643793962,-0.00311452424790021,-0.00282173015097777,-0.00253037225187761,-0.00225275568612628,-0.00200456275212311,-0.00180006111953677,-0.00164734962551058,-0.00154452859236135,-0.00147797094398963,-0.00142448147403399,-0.00136190722480676,-0.00128876476999733,-0.00123450755284738,-0.00123450777930626,-0.00128878185567402,-0.00136190722480676,-0.00142446590296765,-0.00147797094398963,-0.00154454033247109,-0.00164734962551058,-0.00180006111953677,-0.00200456275212311,-0.00225275568612628,-0.00253037225187761,-0.00282173015097777,-0.00311452424790021,-0.00340306643793962,-0.00368937199797535],[-0.00378778947264536,-0.00350762530016351,-0.00322869761219937,-0.00294705089250924,-0.0026652769613591,-0.00239237255753342,-0.00214129938458415,-0.00192518629927667,-0.00175333999568361,-0.00162826890713686,-0.00154454277779022,-0.0014904103601201,-0.00145282706673328,-0.00142448530276996,-0.00140741721742759,-0.00140741721742759,-0.00142448530276996,-0.00145284714447004,-0.0014904103601201,-0.00154454033247109,-0.00162825289994297,-0.00175333934601753,-0.00192518629927667,-0.00214129938458415,-0.00239237255753342,-0.00266527297829407,-0.00294705089250924,-0.00322869761219937,-0.00350762530016351,-0.00378778947264536],[-0.00390439554556383,-0.00362956122361627,-0.00336035393704112,-0.00309116401925345,-0.00282174563843908,-0.00255764165067803,-0.00230867689206271,-0.00208610042675326,-0.00189934728437614,-0.00175332184233766,-0.00164734962551058,-0.00157567669691889,-0.00153010157599721,-0.00150315258462554,-0.00149043124600916,-0.00149043124600916,-0.00150315258462554,-0.00153010157599721,-0.00157567669691889,-0.00164734962551058,-0.00175333934601753,-0.00189932700676627,-0.00208612780306691,-0.00230867689206271,-0.00255764165067803,-0.00282174563843908,-0.00309115722989393,-0.00336035393704112,-0.00362956122361627,-0.00390439554556383],[-0.00403942543624501,-0.00376821691450858,-0.00350763695161773,-0.00325103520961249,-0.00299584690095807,-0.00274431071697811,-0.00250297048081822,-0.00228070689453995,-0.00208610042675326,-0.00192518629927667,-0.00180006111953677,-0.00170895110268467,-0.00164735702377099,-0.00160995891181233,-0.00159242611461138,-0.00159242611461138,-0.00160995891181233,-0.00164735702377099,-0.00170895835261933,-0.00180006111953677,-0.00192518629927667,-0.00208612780306691,-0.0022806816735605,-0.00250298357988259,-0.00274431071697811,-0.00299584690095807,-0.0032510352096125,-0.00350762530016351,-0.00376821691450858,-0.00403942543624501],[-0.00419371308358654,-0.00392374184852391,-0.00366952042229867,-0.00342423421227737,-0.00318356159129114,-0.00294705664374344,-0.00271812320774945,-0.00250294241594412,-0.00230867689206271,-0.00214129938458415,-0.00200456275212311,-0.0018993545106107,-0.00182421343339382,-0.00177643042817085,-0.00175334646482058,-0.00175334646482058,-0.00177643042817085,-0.00182421343339382,-0.0018993545106107,-0.00200456275212311,-0.00214129938458415,-0.00230867689206271,-0.00250298357988259,-0.00271812320774945,-0.00294705664374344,-0.00318356159129114,-0.00342423421227737,-0.00366952042229867,-0.00392372727135748,-0.00419371308358654],[-0.00436873169703119,-0.00409722941336038,-0.00384626080764503,-0.00360948206796192,-0.00338178906372689,-0.00316066897303579,-0.00294705664374344,-0.00274431071697811,-0.00255764165067803,-0.00239237255753342,-0.00225275568612628,-0.00214129799565031,-0.0020587342163534,-0.0020045619358282,-0.0019778216918362,-0.0019778216918362,-0.0020045619358282,-0.0020587342163534,-0.00214129799565031,-0.00225275568612628,-0.00239237255753342,-0.00255764165067803,-0.00274431071697811,-0.00294705664374344,-0.00316066897303579,-0.00338178906372689,-0.00360948206796193,-0.00384626080764503,-0.00409722941336038,-0.00436873169703119],[-0.00456632074329728,-0.0042906922015057,-0.00403944088566833,-0.00380732968963722,-0.00358927483989589,-0.00338178906372689,-0.00318356159129114,-0.00299584690095807,-0.00282174563843908,-0.0026652769613591,-0.00253037225187761,-0.00242015546969169,-0.0023366144217533,-0.00228071588266192,-0.00225275568612628,-0.00225275568612628,-0.00228071588266192,-0.0023366144217533,-0.00242015546969169,-0.00253037225187761,-0.00266527297829407,-0.00282174563843908,-0.00299584690095807,-0.00318356159129114,-0.00338178906372689,-0.00358930308862168,-0.00380732968963722,-0.00403944088566833,-0.0042906922015057,-0.00456632074329728],[-0.00478828006795028,-0.00450664841911535,-0.00425183610979298,-0.0040201802079378,-0.00380732968963722,-0.00360948206796193,-0.00342423421227737,-0.0032510352096125,-0.00309116401925345,-0.00294705089250924,-0.00282174071324339,-0.00271813423247185,-0.00263859389180216,-0.00258476932742582,-0.00255763826457941,-0.0025576429608278,-0.00258476932742582,-0.00263859389180216,-0.00271813423247185,-0.00282173015097777,-0.00294705089250924,-0.00309115722989393,-0.0032510352096125,-0.00342423421227737,-0.00360948206796193,-0.00380732968963722,-0.0040201802079378,-0.00425183610979298,-0.00450664841911535,-0.00478828006795028],[-0.00503597854308008,-0.00474755075732125,-0.00448683663089788,-0.00425183610979298,-0.00403944088566833,-0.00384626080764503,-0.00366952042229867,-0.00350763695161773,-0.00336035393704112,-0.00322869761219937,-0.00311452424790021,-0.0030199508969251,-0.00294705089250924,-0.00289750122614661,-0.00287243344654728,-0.00287243344654728,-0.00289750122614661,-0.00294705089250924,-0.0030199508969251,-0.00311452424790021,-0.00322869761219937,-0.00336035393704112,-0.00350762530016351,-0.00366952042229867,-0.00384626080764503,-0.00403944088566833,-0.00425183610979298,-0.00448683663089788,-0.00474755075732125,-0.00503597854308008],[-0.00530988564258803,-0.00501513102687881,-0.00474755075732125,-0.00450664841911535,-0.0042906922015057,-0.00409722941336038,-0.00392374184852391,-0.00376821691450858,-0.00362956122361627,-0.00350762530016351,-0.00340306643793962,-0.00331707971567863,-0.00325102714733621,-0.00320620454868275,-0.00318355408250192,-0.00318355408250192,-0.00320620454868275,-0.00325102714733621,-0.00331707971567863,-0.00340306643793962,-0.00350762530016351,-0.00362956122361627,-0.00376821691450858,-0.00392372727135748,-0.00409722941336038,-0.0042906922015057,-0.00450664841911535,-0.00474755075732125,-0.00501513102687881,-0.00530988564258803],[-0.00560939321912219,-0.00530988564258803,-0.00503597854308008,-0.00478828006795028,-0.00456632074329728,-0.00436873169703119,-0.00419371308358654,-0.00403942543624501,-0.00390439554556383,-0.00378778947264536,-0.00368937199797535,-0.00360946973836589,-0.00354865654763168,-0.00350762530016351,-0.00348694918807925,-0.00348694918807925,-0.00350762530016351,-0.00354865654763168,-0.00360946973836589,-0.00368937199797535,-0.00378778947264536,-0.00390439554556383,-0.00403942543624501,-0.00419371308358654,-0.00436873169703119,-0.00456632074329728,-0.00478828006795028,-0.00503597854308008,-0.00530988035433789,-0.00560939321912219]],"contours":{"z":{"show":true,"usecolormap":true,"highlightcolor":"#ff0000","project":{"z":true}}},"type":"surface","frame":null}],"highlight":{"on":"plotly_click","persistent":false,"dynamic":false,"selectize":false,"opacityDim":0.2,"selected":{"opacity":1}},"base_url":"https://plot.ly"},"evals":["config.modeBarButtonsToAdd.0.click"],"jsHooks":{"render":[{"code":"function(el, x) { var ctConfig = crosstalk.var('plotlyCrosstalkOpts').set({\"on\":\"plotly_click\",\"persistent\":false,\"dynamic\":false,\"selectize\":false,\"opacityDim\":0.2,\"selected\":{\"opacity\":1}}); }","data":null}]}}</script>
<script type="application/htmlwidget-sizing" data-for="115449dd153a">{"viewer":{"width":"100%","height":400,"padding":15,"fill":true},"browser":{"width":"100%","height":400,"padding":40,"fill":true}}</script>
</body>
</html>
