<!DOCTYPE html>
<html>
<head>
<meta charset="utf-8"/>
<script src="uzRe_files/htmlwidgets-0.9/htmlwidgets.js"></script>
<script src="uzRe_files/plotly-binding-4.7.1/plotly.js"></script>
<script src="uzRe_files/typedarray-0.1/typedarray.min.js"></script>
<script src="uzRe_files/jquery-1.11.3/jquery.min.js"></script>
<link href="uzRe_files/crosstalk-1.0.0/css/crosstalk.css" rel="stylesheet" />
<script src="uzRe_files/crosstalk-1.0.0/js/crosstalk.min.js"></script>
<link href="uzRe_files/plotlyjs-1.29.2/plotly-htmlwidgets.css" rel="stylesheet" />
<script src="uzRe_files/plotlyjs-1.29.2/plotly-latest.min.js"></script>

</head>
<body style="background-color:white;">
<div id="htmlwidget_container">
  <div id="115449ed367a" style="width:100%;height:400px;" class="plotly html-widget"></div>
</div>
<script type="application/json" data-for="115449ed367a">{"x":{"visdat":{"11546443385":["function () ","plotlyVisDat"]},"cur_data":"11546443385","attrs":{"11546443385":{"x":[-6,-5.51724137931035,-5.03448275862069,-4.55172413793103,-4.06896551724138,-3.58620689655172,-3.10344827586207,-2.62068965517241,-2.13793103448276,-1.6551724137931,-1.17241379310345,-0.689655172413793,-0.206896551724138,0.275862068965518,0.758620689655173,1.24137931034483,1.72413793103448,2.20689655172414,2.68965517241379,3.17241379310345,3.6551724137931,4.13793103448276,4.62068965517241,5.10344827586207,5.58620689655172,6.06896551724138,6.55172413793104,7.03448275862069,7.51724137931035,8],"y":[-6,-5.51724137931035,-5.03448275862069,-4.55172413793103,-4.06896551724138,-3.58620689655172,-3.10344827586207,-2.62068965517241,-2.13793103448276,-1.6551724137931,-1.17241379310345,-0.689655172413793,-0.206896551724138,0.275862068965518,0.758620689655173,1.24137931034483,1.72413793103448,2.20689655172414,2.68965517241379,3.17241379310345,3.6551724137931,4.13793103448276,4.62068965517241,5.10344827586207,5.58620689655172,6.06896551724138,6.55172413793104,7.03448275862069,7.51724137931035,8],"z":{},"contours":{"z":{"show":true,"usecolormap":true,"highlightcolor":"#ff0000","project":{"z":true}}},"alpha":1,"sizes":[10,100],"type":"surface"}},"layout":{"margin":{"b":40,"l":60,"t":25,"r":10},"scene":{"camera":{"eye":{"x":1.87,"y":0.88,"z":-0.64}},"zaxis":{"title":"uzRe"}},"xaxis":{"domain":[0,1]},"yaxis":{"domain":[0,1]},"hovermode":"closest","showlegend":false,"legend":{"y":0.5,"yanchor":"top"}},"source":"A","config":{"modeBarButtonsToAdd":[{"name":"Collaborate","icon":{"width":1000,"ascent":500,"descent":-50,"path":"M487 375c7-10 9-23 5-36l-79-259c-3-12-11-23-22-31-11-8-22-12-35-12l-263 0c-15 0-29 5-43 15-13 10-23 23-28 37-5 13-5 25-1 37 0 0 0 3 1 7 1 5 1 8 1 11 0 2 0 4-1 6 0 3-1 5-1 6 1 2 2 4 3 6 1 2 2 4 4 6 2 3 4 5 5 7 5 7 9 16 13 26 4 10 7 19 9 26 0 2 0 5 0 9-1 4-1 6 0 8 0 2 2 5 4 8 3 3 5 5 5 7 4 6 8 15 12 26 4 11 7 19 7 26 1 1 0 4 0 9-1 4-1 7 0 8 1 2 3 5 6 8 4 4 6 6 6 7 4 5 8 13 13 24 4 11 7 20 7 28 1 1 0 4 0 7-1 3-1 6-1 7 0 2 1 4 3 6 1 1 3 4 5 6 2 3 3 5 5 6 1 2 3 5 4 9 2 3 3 7 5 10 1 3 2 6 4 10 2 4 4 7 6 9 2 3 4 5 7 7 3 2 7 3 11 3 3 0 8 0 13-1l0-1c7 2 12 2 14 2l218 0c14 0 25-5 32-16 8-10 10-23 6-37l-79-259c-7-22-13-37-20-43-7-7-19-10-37-10l-248 0c-5 0-9-2-11-5-2-3-2-7 0-12 4-13 18-20 41-20l264 0c5 0 10 2 16 5 5 3 8 6 10 11l85 282c2 5 2 10 2 17 7-3 13-7 17-13z m-304 0c-1-3-1-5 0-7 1-1 3-2 6-2l174 0c2 0 4 1 7 2 2 2 4 4 5 7l6 18c0 3 0 5-1 7-1 1-3 2-6 2l-173 0c-3 0-5-1-8-2-2-2-4-4-4-7z m-24-73c-1-3-1-5 0-7 2-2 3-2 6-2l174 0c2 0 5 0 7 2 3 2 4 4 5 7l6 18c1 2 0 5-1 6-1 2-3 3-5 3l-174 0c-3 0-5-1-7-3-3-1-4-4-5-6z"},"click":"function(gd) { \n        // is this being viewed in RStudio?\n        if (location.search == '?viewer_pane=1') {\n          alert('To learn about plotly for collaboration, visit:\\n https://cpsievert.github.io/plotly_book/plot-ly-for-collaboration.html');\n        } else {\n          window.open('https://cpsievert.github.io/plotly_book/plot-ly-for-collaboration.html', '_blank');\n        }\n      }"}],"cloud":false},"data":[{"colorbar":{"title":"uzRe","ticklen":2,"len":0.5,"y":1,"lenmode":"fraction","yanchor":"top"},"colorscale":[["0","rgba(68,1,84,1)"],["0.120209800483717","rgba(72,43,121,1)"],["0.187525711539771","rgba(66,64,132,1)"],["0.225914803869804","rgba(62,75,137,1)"],["0.262233923161065","rgba(59,85,139,1)"],["0.290537533903022","rgba(56,93,140,1)"],["0.310132316593931","rgba(53,98,141,1)"],["0.323604582315431","rgba(51,101,142,1)"],["0.351701529893636","rgba(48,108,142,1)"],["0.362691908807996","rgba(47,111,142,1)"],["0.393303807156649","rgba(45,118,142,1)"],["0.409389526867854","rgba(43,122,142,1)"],["0.43879252043086","rgba(39,129,142,1)"],["0.465224451220216","rgba(38,135,141,1)"],["0.492663850313252","rgba(37,142,140,1)"],["0.516121726644968","rgba(35,148,139,1)"],["0.544647071069948","rgba(33,155,138,1)"],["0.573094707001308","rgba(36,162,135,1)"],["0.600885787299106","rgba(42,168,131,1)"],["0.62737505582572","rgba(47,174,127,1)"],["0.65225526779042","rgba(51,180,123,1)"],["0.668899353461511","rgba(55,183,120,1)"],["0.696887119694634","rgba(73,189,113,1)"],["0.747223296508322","rgba(97,199,99,1)"],["1","rgba(253,231,37,1)"]],"showscale":true,"x":[-6,-5.51724137931035,-5.03448275862069,-4.55172413793103,-4.06896551724138,-3.58620689655172,-3.10344827586207,-2.62068965517241,-2.13793103448276,-1.6551724137931,-1.17241379310345,-0.689655172413793,-0.206896551724138,0.275862068965518,0.758620689655173,1.24137931034483,1.72413793103448,2.20689655172414,2.68965517241379,3.17241379310345,3.6551724137931,4.13793103448276,4.62068965517241,5.10344827586207,5.58620689655172,6.06896551724138,6.55172413793104,7.03448275862069,7.51724137931035,8],"y":[-6,-5.51724137931035,-5.03448275862069,-4.55172413793103,-4.06896551724138,-3.58620689655172,-3.10344827586207,-2.62068965517241,-2.13793103448276,-1.6551724137931,-1.17241379310345,-0.689655172413793,-0.206896551724138,0.275862068965518,0.758620689655173,1.24137931034483,1.72413793103448,2.20689655172414,2.68965517241379,3.17241379310345,3.6551724137931,4.13793103448276,4.62068965517241,5.10344827586207,5.58620689655172,6.06896551724138,6.55172413793104,7.03448275862069,7.51724137931035,8],"z":[[-0.00979754576878885,-0.00937901433390512,-0.00898770424619907,-0.00862674781917307,-0.00829665570455201,-0.00799677885881744,-0.00772603917531293,-0.00748321946421962,-0.00726760042458368,-0.00707923176877776,-0.0069188627335269,-0.00678784138823765,-0.00668770401447549,-0.00661996005094319,-0.00658577297919098,-0.00658577297919098,-0.00661996005094319,-0.00668770401447549,-0.00678784138823765,-0.0069188627335269,-0.00707923176877776,-0.00726760042458368,-0.00748321946421962,-0.00772603917531293,-0.00799677885881744,-0.00829665570455201,-0.00862674781917307,-0.00898770424619907,-0.00937901433390512,-0.00979880034002773],[-0.00937901433390512,-0.00895759913657079,-0.00856667428933642,-0.00820672535082147,-0.00787669986708107,-0.00757467537225349,-0.00729864131210536,-0.00704743295607896,-0.00682084960069502,-0.00661996005094319,-0.00644677155904233,-0.00630385568075047,-0.00619384550088323,-0.00611909112499442,-0.00608128190626391,-0.00608128190626391,-0.00611909112499442,-0.00619384550088323,-0.00630385568075047,-0.00644677155904233,-0.00661996005094319,-0.00682084960069502,-0.00704743295607896,-0.00729869239151667,-0.00757467537225349,-0.00787669986708107,-0.00820672535082147,-0.00856667428933642,-0.00895759913657079,-0.00937901433390512],[-0.00898770424619907,-0.00856667428933642,-0.00817675027278794,-0.00781653090325302,-0.0074832716201487,-0.00717395297502826,-0.00688641215003925,-0.00661996005094319,-0.00637582831861335,-0.00615661395414341,-0.00596597994411554,-0.00580779885420043,-0.00568570903000517,-0.0056026408014184,-0.00556059248993719,-0.00556059248993719,-0.0056026408014184,-0.00568570903000517,-0.00580779885420043,-0.00596597994411554,-0.00615661395414341,-0.00637582831861335,-0.00662000705612749,-0.0068864024053666,-0.00717395297502826,-0.0074832716201487,-0.00781653090325302,-0.00817675027278793,-0.00856667428933642,-0.00898770424619907],[-0.00862674781917307,-0.00820672535082147,-0.00781653090325302,-0.00745268799715039,-0.00711095586477217,-0.00678788940984939,-0.00648191906754004,-0.00619393105893582,-0.00592691884275311,-0.00568570903000517,-0.0054754817213823,-0.00530126608661555,-0.00516716418760742,-0.00507620153179474,-0.00503027234309657,-0.00503027234309657,-0.00507620153179474,-0.00516716418760742,-0.00530126608661555,-0.00547549284331487,-0.00568570903000517,-0.00592700119860187,-0.00619393105893583,-0.00648191906754004,-0.00678788940984939,-0.00711095586477217,-0.00745268799715039,-0.00781653090325302,-0.00820672535082147,-0.00862674781917307],[-0.00829665570455201,-0.00787669986708107,-0.0074832716201487,-0.00711095586477217,-0.00675469916222093,-0.00641147122875074,-0.00608136610850134,-0.00576751616283271,-0.00547556987187081,-0.0052121831158873,-0.00498405573230116,-0.00479651937487972,-0.00465341162678172,-0.00455706228318317,-0.00450865742182878,-0.00450865742182878,-0.00455706228318317,-0.00465341162678172,-0.00479651937487972,-0.00498405573230116,-0.00521225706508204,-0.00547556987187081,-0.00576751616283271,-0.00608136610850134,-0.00641147122875074,-0.00675461415037244,-0.00711095586477218,-0.0074832716201487,-0.00787669986708107,-0.00829665570455201],[-0.00799677885881744,-0.00757467537225349,-0.00717395297502826,-0.00678788940984939,-0.00641147122875074,-0.00604302749278375,-0.00568578852791541,-0.00534539597962539,-0.0050303441620754,-0.00474909589195266,-0.00450865742182878,-0.00431398040009463,-0.0041675113136231,-0.00407003266742717,-0.00402142819027495,-0.00402142819027495,-0.00407003266742717,-0.0041675113136231,-0.00431398040009463,-0.00450865742182878,-0.00474909589195266,-0.0050303441620754,-0.00534539597962539,-0.00568578852791541,-0.00604312301454243,-0.00641147122875074,-0.00678788940984939,-0.00717395297502826,-0.00757467537225349,-0.00799677885881744],[-0.00772603917531293,-0.00729864131210536,-0.0068864024053666,-0.00648191906754004,-0.00608136610850134,-0.00568578852791541,-0.00530114899483255,-0.00493763192890027,-0.00460538671386372,-0.00431404357027659,-0.00407009267231667,-0.00387651351697681,-0.0037335981264533,-0.0036398430084109,-0.00359351756321395,-0.00359351756321395,-0.00363984300841089,-0.0037335981264533,-0.00387651351697681,-0.00407009267231667,-0.00431404357027659,-0.00460538671386372,-0.00493753206045942,-0.00530123531508436,-0.00568578852791541,-0.00608136610850134,-0.00648191906754005,-0.0068864024053666,-0.00729869239151667,-0.00772603917531293],[-0.00748321946421962,-0.00704743295607896,-0.00661996005094319,-0.00619393105893582,-0.00576751616283271,-0.00534539597962539,-0.00493763192890027,-0.00455703490733397,-0.00421640916282788,-0.00392469593948625,-0.00368665372675978,-0.00350208877187842,-0.00336833338370422,-0.00328155171367334,-0.00323886517915848,-0.00323886517915848,-0.00328155171367334,-0.00336833338370422,-0.00350218737081911,-0.00368665372480298,-0.00392469593948625,-0.00421630246734846,-0.00455695811262491,-0.00493745031782396,-0.00534539597962539,-0.00576751616283271,-0.00619393105893583,-0.0066200070561275,-0.00704743295607896,-0.00748321946421962],[-0.00726760042458368,-0.00682084960069502,-0.00637582831861335,-0.00592691884275311,-0.00547556987187081,-0.0050303441620754,-0.00460538671386372,-0.00421640916282788,-0.00387642262404131,-0.00359361903344059,-0.00336842752281246,-0.00319670395344607,-0.0030719384714662,-0.00298951011646789,-0.00294798277087591,-0.00294798277087591,-0.00298951011646789,-0.0030719384714662,-0.00319670395344608,-0.00336842752281246,-0.00359349537639439,-0.00387642262404132,-0.00421623036285007,-0.00460538671386372,-0.0050303441620754,-0.00547556987187081,-0.00592700119860187,-0.00637582831861335,-0.00682084960069502,-0.00726760042458368],[-0.00707923176877776,-0.00661996005094319,-0.00615661395414341,-0.00568570903000517,-0.0052121831158873,-0.00474909589195266,-0.00431404357027659,-0.00392469593948625,-0.00359361903344059,-0.00332468280737885,-0.00311331626209622,-0.00294813789811233,-0.00281830171345183,-0.00272212379283688,-0.00266852367576333,-0.00266852367254777,-0.00272212379283688,-0.00281844536688652,-0.00294813789811233,-0.00311316092063813,-0.00332462579927665,-0.00359343313792375,-0.00392469593948625,-0.00431404357027659,-0.00474909589195266,-0.00521225706508204,-0.00568570903000517,-0.00615661395414341,-0.00661996005094319,-0.00707923176877776],[-0.0069188627335269,-0.00644677155904233,-0.00596597994411554,-0.0054754817213823,-0.00498405573230116,-0.00450865742182878,-0.00407009267231667,-0.00368665372675978,-0.00336842752281246,-0.00311331626209622,-0.00290581586255318,-0.00272225927778633,-0.00254313286234866,-0.00237728806467019,-0.00227031238076621,-0.00227031238076621,-0.00237740064833148,-0.00254313286234866,-0.00272210880849138,-0.002905862707462,-0.00311321311863484,-0.00336842752281246,-0.00368665372480299,-0.00407009267231667,-0.00450865742182878,-0.00498405573230116,-0.0054754817213823,-0.00596597994411554,-0.00644677155904233,-0.0069188627335269],[-0.00678784138823765,-0.00630385568075047,-0.00580779885420043,-0.00530126608661555,-0.00479651937487972,-0.00431398040009463,-0.00387651351697681,-0.00350208877187842,-0.00319670395344607,-0.00294813789811233,-0.00272225927778633,-0.00246667386497773,-0.00214002794259003,-0.00177482480986706,-0.00151568415157813,-0.00151568415157813,-0.00177500181027385,-0.00213988276879722,-0.00246667386497773,-0.00272206677438386,-0.00294813789811233,-0.00319670395584811,-0.00350218737293319,-0.00387651351697681,-0.00431398040009463,-0.00479651937487972,-0.00530126608661555,-0.00580779885420043,-0.00630385568075047,-0.00678784138823765],[-0.00668770401447549,-0.00619384550088323,-0.00568570903000517,-0.00516716418760742,-0.00465341162678172,-0.0041675113136231,-0.0037335981264533,-0.00336833338370422,-0.0030719384714662,-0.00281830171345183,-0.00254313286234866,-0.00214002794259003,-0.00151584844245401,-0.000754898402797545,-0.000210721106692619,-0.00265584884096672,-0.00075485085672145,-0.00151558880703026,-0.0021399145727368,-0.00254313286234866,-0.00281844536921503,-0.0030719384714662,-0.00336833338370422,-0.0037335981264533,-0.0041675113136231,-0.00465341162678172,-0.00516716418760742,-0.00568570903000517,-0.00619384550088323,-0.00668770401447549],[-0.00661996005094319,-0.00611909112499442,-0.0056026408014184,-0.00507620153179474,-0.00455706228318317,-0.00407003266742717,-0.0036398430084109,-0.00328155171367334,-0.00298951011646789,-0.00272212379283688,-0.00237728806467019,-0.00177482480986706,-0.000754898402797545,0.000450939350225567,null,null,0.00045099664601924,-0.000754872457032433,-0.00533478137675168,-0.00237740064833148,-0.00272212379283688,-0.00298951011646789,-0.00328155171367334,-0.0036398430084109,-0.00407003266742717,-0.00455706228318317,-0.00507620153179474,-0.0056026408014184,-0.00611909112499442,-0.00661996005094319],[-0.00658577297919098,-0.00608128190626391,-0.00556059248993719,-0.00503027234309657,-0.00450865742182878,-0.00402142819027495,-0.00359351756321395,-0.00323886517915848,-0.00294798277087591,-0.00266852367576333,-0.00227031238076621,-0.00151568415157813,-0.000210721106692619,null,null,null,null,-0.00265584884096672,-0.00151568415157813,-0.00227031238076621,-0.00266852367576333,-0.00294798277087591,-0.00323886517915848,-0.00359351756321395,-0.00402142819027495,-0.00450865742182878,-0.00503027234309657,-0.00556059248993719,-0.00608128190626391,-0.00658577297919098],[-0.00658577297919098,-0.00608128190626391,-0.00556059248993719,-0.00503027234309657,-0.00450865742182878,-0.00402142819027495,-0.00359351756321395,-0.00323886517915848,-0.00294798277087591,-0.00266852367576333,-0.00227031238076621,-0.00151568415157813,-0.00265584884096672,null,null,null,null,-0.000210721106692622,-0.00151568415157813,-0.00227031238076621,-0.00266852367576333,-0.00294798277087591,-0.00323886517915848,-0.00359351756321395,-0.00402142819027495,-0.00450865742182878,-0.00503027234309657,-0.00556059248993719,-0.00608128190626391,-0.00658577297919098],[-0.00661996005094319,-0.00611909112499442,-0.0056026408014184,-0.00507620153179474,-0.00455706228318317,-0.00407003266742717,-0.00363984300841089,-0.00328155171367334,-0.00298951011646789,-0.00272212379283688,-0.00237740064833148,-0.00177500181027385,-0.000754872457032432,0.00045099664601924,null,null,0.000450939350225563,-0.000754898402797548,-0.00177482480986707,-0.00237728806467019,-0.00272212379283688,-0.00298951011646789,-0.00328155171367334,-0.00363984300841089,-0.00407003266742717,-0.00455706228318317,-0.00507620153179474,-0.0056026408014184,-0.00611909112499442,-0.00661996005094319],[-0.00668770401447549,-0.00619384550088323,-0.00568570903000517,-0.00516716418760742,-0.00465341162678172,-0.0041675113136231,-0.0037335981264533,-0.00336833338370422,-0.0030719384714662,-0.00281844536688652,-0.00254313286234866,-0.0021399145727368,-0.00151567482114416,-0.000754872457032433,-0.00265584884096672,-0.000210721106692622,-0.000754898402797548,-0.00151584844245402,-0.00214002794259003,-0.00254313286234866,-0.00281830171345183,-0.0030719384714662,-0.00336833338370422,-0.0037335981264533,-0.0041675113136231,-0.00465341162678172,-0.00516716418760742,-0.00568570903000517,-0.00619384550088323,-0.00668770401447549],[-0.00678784138823765,-0.00630385568075047,-0.00580779885420043,-0.00530126608661555,-0.00479651937487972,-0.00431398040009463,-0.00387651351697681,-0.00350218737293319,-0.00319670395344608,-0.00294813789811233,-0.00272210880849138,-0.00246667386497773,-0.00213988276879722,-0.00177500181027385,-0.00151568415157813,-0.00151568415157813,-0.00177482480986707,-0.00214002794259003,-0.0024667104206003,-0.00272225927778633,-0.00294813789811233,-0.00319670395344608,-0.00350208877187842,-0.00387651351697681,-0.00431398040009463,-0.00479651937487972,-0.00530126608661555,-0.00580779885420043,-0.00630385568075047,-0.00678784138823765],[-0.0069188627335269,-0.00644677155904233,-0.00596597994411554,-0.0054754817213823,-0.00498405573230116,-0.00450865742182878,-0.00407009267231667,-0.00368665372675978,-0.00336842752281246,-0.00311316092063813,-0.00290581586255318,-0.00272210880849138,-0.00254313286234866,-0.00237740064833148,-0.00227031238076621,-0.00227033225663207,-0.00237728806467019,-0.00254313286234866,-0.00272225927778633,-0.00290581586255318,-0.00311331626209622,-0.00336842752281246,-0.00368665372675979,-0.00407009267231667,-0.00450865742182878,-0.00498405573230116,-0.0054754817213823,-0.00596597994411554,-0.00644677155904233,-0.0069188627335269],[-0.00707923176877776,-0.00661996005094319,-0.00615661395414341,-0.00568570903000517,-0.00521225706508204,-0.00474909589195266,-0.00431404357027659,-0.00392469593948625,-0.00359349537639439,-0.00332468280737885,-0.00311321311863484,-0.00294813789811233,-0.00281844536688652,-0.00272212379283688,-0.00266852367576333,-0.00266852367576333,-0.00272212379283688,-0.00281830171345183,-0.00294813789811233,-0.00311331626209622,-0.00332462579927665,-0.00359361903344059,-0.00392469593948625,-0.00431404357027659,-0.00474909589195266,-0.0052121831158873,-0.00568570903000517,-0.00615661395414341,-0.00661996005094319,-0.00707923176877776],[-0.00726760042458368,-0.00682084960069502,-0.00637582831861335,-0.00592700119860187,-0.00547556987187081,-0.0050303441620754,-0.00460538671386372,-0.00421630246734846,-0.00387648963046921,-0.00359343313792375,-0.00336842752281246,-0.00319670395344608,-0.0030719384714662,-0.00298951011646789,-0.00294798277087591,-0.00294798277087591,-0.00298951011646789,-0.0030719384714662,-0.00319670395344608,-0.00336842752281246,-0.00359361903344059,-0.00387642262404132,-0.00421640916282788,-0.00460538671386372,-0.0050303441620754,-0.00547556987187081,-0.00592691884275311,-0.00637582831861335,-0.00682084960069502,-0.00726760042458368],[-0.00748321946421962,-0.00704743295607896,-0.00662000705612749,-0.00619393105893583,-0.00576751616283271,-0.00534539597962539,-0.00493753206045942,-0.00455703490733397,-0.00421630246734846,-0.00392469593948625,-0.00368665372675979,-0.00350218737293319,-0.00336833338370422,-0.00328155171367334,-0.00323886517915848,-0.00323886517915848,-0.00328155171367334,-0.00336833338370422,-0.00350208877187842,-0.00368665372675979,-0.00392469593948625,-0.00421640916282788,-0.00455695811262491,-0.00493763192890027,-0.00534539597962539,-0.00576751616283271,-0.00619393105893583,-0.00661996005094319,-0.00704743295607896,-0.00748321946421962],[-0.00772603917531293,-0.00729869239151667,-0.0068864024053666,-0.00648191906754004,-0.00608136610850134,-0.00568578852791541,-0.00530123531508436,-0.00493745031782396,-0.00460538671386372,-0.00431404357027659,-0.00407009267231667,-0.00387651351697681,-0.0037335981264533,-0.0036398430084109,-0.00359351756321395,-0.00359351756321395,-0.00363984300841089,-0.0037335981264533,-0.00387651351697681,-0.00407009267231667,-0.00431404357027659,-0.00460538671386372,-0.00493763192890027,-0.00530123531508436,-0.00568578852791541,-0.00608136610850134,-0.00648191906754005,-0.0068864024053666,-0.00729864131210536,-0.00772603917531293],[-0.00799677885881744,-0.00757467537225349,-0.00717395297502826,-0.00678788940984939,-0.00641147122875074,-0.00604302749278375,-0.00568578852791541,-0.00534539597962539,-0.0050303441620754,-0.00474909589195266,-0.00450865742182878,-0.00431398040009463,-0.0041675113136231,-0.00407003266742717,-0.00402142819027495,-0.00402142819027495,-0.00407003266742717,-0.0041675113136231,-0.00431398040009463,-0.00450865742182878,-0.00474909589195266,-0.0050303441620754,-0.00534539597962539,-0.00568578852791541,-0.00604302749278375,-0.00641147122875074,-0.00678788940984939,-0.00717395297502826,-0.00757467537225349,-0.00799677885881744],[-0.00829665570455201,-0.00787669986708107,-0.0074832716201487,-0.00711095586477217,-0.00675461415037244,-0.00641147122875074,-0.00608136610850134,-0.00576751616283271,-0.00547556987187081,-0.00521225706508204,-0.00498405573230116,-0.00479651937487972,-0.00465341162678172,-0.00455706228318317,-0.00450865742182878,-0.00450865742182878,-0.00455706228318317,-0.00465341162678172,-0.00479651937487972,-0.00498405573230116,-0.0052121831158873,-0.00547556987187081,-0.00576751616283271,-0.00608136610850134,-0.00641147122875074,-0.00675469916222093,-0.00711095586477218,-0.0074832716201487,-0.00787669986708107,-0.00829665570455201],[-0.00862674781917307,-0.00820672535082147,-0.00781653090325302,-0.00745268799715039,-0.00711095586477218,-0.00678788940984939,-0.00648191906754005,-0.00619393105893583,-0.00592700119860187,-0.00568570903000517,-0.00547549284331487,-0.00530126608661555,-0.00516716418760742,-0.00507620153179474,-0.00503027234309657,-0.00503028587908868,-0.00507620153179474,-0.00516716418760742,-0.00530126608661555,-0.0054754817213823,-0.00568570903000517,-0.00592691884275311,-0.00619393105893583,-0.00648191906754005,-0.00678788940984939,-0.00711095586477218,-0.00745268799715039,-0.00781653090325302,-0.00820672535082147,-0.00862674781917307],[-0.00898770424619907,-0.00856667428933642,-0.00817675027278793,-0.00781653090325302,-0.0074832716201487,-0.00717395297502826,-0.0068864024053666,-0.0066200070561275,-0.00637582831861335,-0.00615661395414341,-0.00596597994411554,-0.00580779885420043,-0.00568570903000517,-0.0056026408014184,-0.00556059248993719,-0.00556059248993719,-0.0056026408014184,-0.00568570903000517,-0.00580779885420043,-0.00596597994411554,-0.00615661395414341,-0.00637582831861335,-0.00661996005094319,-0.0068864024053666,-0.00717395297502826,-0.0074832716201487,-0.00781653090325302,-0.00817675027278793,-0.00856667428933642,-0.00898770424619907],[-0.00937901433390512,-0.00895759913657079,-0.00856667428933642,-0.00820672535082147,-0.00787669986708107,-0.00757467537225349,-0.00729869239151667,-0.00704743295607896,-0.00682084960069502,-0.00661996005094319,-0.00644677155904233,-0.00630385568075047,-0.00619384550088323,-0.00611909112499442,-0.00608128190626391,-0.00608128190626391,-0.00611909112499442,-0.00619384550088323,-0.00630385568075047,-0.00644677155904233,-0.00661996005094319,-0.00682084960069502,-0.00704743295607896,-0.00729864131210536,-0.00757467537225349,-0.00787669986708107,-0.00820672535082147,-0.00856667428933642,-0.00895759913657079,-0.00937901433390512],[-0.00979880034002773,-0.00937901433390512,-0.00898770424619907,-0.00862674781917307,-0.00829665570455201,-0.00799677885881744,-0.00772603917531293,-0.00748321946421962,-0.00726760042458368,-0.00707923176877776,-0.0069188627335269,-0.00678784138823765,-0.00668770401447549,-0.00661996005094319,-0.00658577297919098,-0.00658577297919098,-0.00661996005094319,-0.00668770401447549,-0.00678784138823765,-0.0069188627335269,-0.00707923176877776,-0.00726760042458368,-0.00748321946421962,-0.00772603917531293,-0.00799677885881744,-0.00829665570455201,-0.00862674781917307,-0.00898770424619907,-0.00937900877253154,-0.00979880034002773]],"contours":{"z":{"show":true,"usecolormap":true,"highlightcolor":"#ff0000","project":{"z":true}}},"type":"surface","frame":null}],"highlight":{"on":"plotly_click","persistent":false,"dynamic":false,"selectize":false,"opacityDim":0.2,"selected":{"opacity":1}},"base_url":"https://plot.ly"},"evals":["config.modeBarButtonsToAdd.0.click"],"jsHooks":{"render":[{"code":"function(el, x) { var ctConfig = crosstalk.var('plotlyCrosstalkOpts').set({\"on\":\"plotly_click\",\"persistent\":false,\"dynamic\":false,\"selectize\":false,\"opacityDim\":0.2,\"selected\":{\"opacity\":1}}); }","data":null}]}}</script>
<script type="application/htmlwidget-sizing" data-for="115449ed367a">{"viewer":{"width":"100%","height":400,"padding":15,"fill":true},"browser":{"width":"100%","height":400,"padding":40,"fill":true}}</script>
</body>
</html>
